1	1	1.000000
3242	1	1.000000
2	2	1.000000
3	3	1.000000
3245	3	1.000000
4	4	1.000000
3243	4	1.000000
5	5	1.000000
3269	5	1.000000
6	6	1.000000
7	7	1.000000
3287	7	1.000000
8	8	1.000000
9	9	1.000000
698	9	1.000000
832	9	1.000000
837	9	1.000000
2892	9	1.000000
3300	9	1.000000
3692	9	1.000000
4064	9	1.000000
4131	9	1.000000
4133	9	1.000000
4144	9	1.000000
4257	9	1.000000
10	10	1.000000
3292	10	1.000000
11	11	1.000000
3317	11	1.000000
12	12	1.000000
13	13	1.000000
14	14	1.000000
3330	14	1.000000
3628	14	1.000000
15	15	1.000000
16	16	1.000000
3334	16	1.000000
17	17	1.000000
18	18	1.000000
3348	18	1.000000
3349	18	1.000000
19	19	1.000000
2580	19	1.000000
20	20	1.000000
2601	20	1.000000
21	21	1.000000
2605	21	1.000000
22	22	1.000000
2798	22	1.000000
23	23	1.000000
2799	23	1.000000
24	24	1.000000
2801	24	1.000000
25	25	1.000000
2803	25	1.000000
26	26	1.000000
2809	26	1.000000
27	27	1.000000
1736	27	1.000000
4396	27	1.000000
28	28	1.000000
2811	28	1.000000
29	29	1.000000
3364	29	1.000000
30	30	1.000000
3366	30	1.000000
31	31	1.000000
1792	31	1.000000
32	32	1.000000
3370	32	1.000000
33	33	1.000000
3372	33	1.000000
34	34	1.000000
3393	34	1.000000
35	35	1.000000
3405	35	1.000000
36	36	1.000000
3403	36	1.000000
37	37	1.000000
3401	37	1.000000
38	38	1.000000
3395	38	1.000000
39	39	1.000000
3422	39	1.000000
40	40	1.000000
3416	40	1.000000
41	41	1.000000
3414	41	1.000000
42	42	1.000000
3407	42	1.000000
43	43	1.000000
3432	43	1.000000
44	44	1.000000
3430	44	1.000000
45	45	1.000000
3426	45	1.000000
46	46	1.000000
3424	46	1.000000
47	47	1.000000
3442	47	1.000000
48	48	1.000000
3440	48	1.000000
49	49	1.000000
3438	49	1.000000
50	50	1.000000
3436	50	1.000000
51	51	1.000000
3454	51	1.000000
52	52	1.000000
3456	52	1.000000
53	53	1.000000
3446	53	1.000000
54	54	1.000000
3448	54	1.000000
55	55	1.000000
3467	55	1.000000
56	56	1.000000
3469	56	1.000000
57	57	1.000000
3463	57	1.000000
58	58	1.000000
3465	58	1.000000
59	59	1.000000
3477	59	1.000000
60	60	1.000000
3483	60	1.000000
61	61	1.000000
3470	61	1.000000
62	62	1.000000
3475	62	1.000000
63	63	1.000000
3491	63	1.000000
64	64	1.000000
3493	64	1.000000
65	65	1.000000
3485	65	1.000000
66	66	1.000000
3489	66	1.000000
67	67	1.000000
2938	67	1.000000
68	68	1.000000
69	69	1.000000
2942	69	1.000000
70	70	1.000000
2940	70	1.000000
71	71	1.000000
72	72	1.000000
73	73	1.000000
2931	73	1.000000
74	74	1.000000
2929	74	1.000000
75	75	1.000000
2963	75	1.000000
76	76	1.000000
2958	76	1.000000
3285	76	1.000000
77	77	1.000000
78	78	1.000000
2970	78	1.000000
79	79	1.000000
2966	79	1.000000
80	80	1.000000
2947	80	1.000000
81	81	1.000000
2943	81	1.000000
82	82	1.000000
2956	82	1.000000
83	83	1.000000
2948	83	1.000000
84	84	1.000000
2986	84	1.000000
85	85	1.000000
2989	85	1.000000
86	86	1.000000
2991	86	1.000000
87	87	1.000000
2971	87	1.000000
88	88	1.000000
2973	88	1.000000
89	89	1.000000
2976	89	1.000000
90	90	1.000000
2980	90	1.000000
91	91	1.000000
3004	91	1.000000
92	92	1.000000
3008	92	1.000000
3045	92	1.000000
93	93	1.000000
3012	93	1.000000
94	94	1.000000
3016	94	1.000000
95	95	1.000000
2993	95	1.000000
96	96	1.000000
2994	96	1.000000
97	97	1.000000
98	98	1.000000
3001	98	1.000000
99	99	1.000000
3047	99	1.000000
100	100	1.000000
3044	100	1.000000
101	101	1.000000
102	102	1.000000
3034	102	1.000000
103	103	1.000000
104	104	1.000000
3023	104	1.000000
105	105	1.000000
281	105	1.000000
338	105	1.000000
411	105	1.000000
912	105	1.000000
929	105	1.000000
937	105	1.000000
1030	105	1.000000
1042	105	1.000000
1156	105	1.000000
1217	105	1.000000
1244	105	1.000000
1296	105	1.000000
1362	105	1.000000
1531	105	1.000000
1881	105	1.000000
1914	105	1.000000
1969	105	1.000000
1980	105	1.000000
2066	105	1.000000
2121	105	1.000000
2128	105	1.000000
2278	105	1.000000
2327	105	1.000000
3020	105	1.000000
3915	105	1.000000
3919	105	1.000000
4139	105	1.000000
4353	105	1.000000
4545	105	1.000000
106	106	1.000000
3019	106	1.000000
107	107	1.000000
3062	107	1.000000
3343	107	1.000000
3344	107	1.000000
108	108	1.000000
547	108	1.000000
3060	108	1.000000
109	109	1.000000
3059	109	1.000000
110	110	1.000000
3591	110	1.000000
111	111	1.000000
112	112	1.000000
3056	112	1.000000
113	113	1.000000
3053	113	1.000000
114	114	1.000000
3051	114	1.000000
115	115	1.000000
1371	115	1.000000
116	116	1.000000
3049	116	1.000000
117	117	1.000000
3148	117	1.000000
118	118	1.000000
3154	118	1.000000
119	119	1.000000
3135	119	1.000000
120	120	1.000000
3138	120	1.000000
121	121	1.000000
3118	121	1.000000
122	122	1.000000
3132	122	1.000000
123	123	1.000000
3088	123	1.000000
124	124	1.000000
3104	124	1.000000
125	125	1.000000
3201	125	1.000000
4209	125	1.000000
126	126	1.000000
3232	126	1.000000
127	127	1.000000
3184	127	1.000000
128	128	1.000000
3189	128	1.000000
129	129	1.000000
3182	129	1.000000
130	130	1.000000
131	131	1.000000
3158	131	1.000000
132	132	1.000000
3180	132	1.000000
4471	132	1.000000
133	133	1.000000
134	134	1.000000
135	135	1.000000
136	136	1.000000
137	137	1.000000
138	138	1.000000
139	139	1.000000
140	140	1.000000
141	141	1.000000
142	142	1.000000
143	143	1.000000
144	144	1.000000
3194	144	1.000000
145	145	1.000000
146	146	1.000000
147	147	1.000000
148	148	1.000000
149	149	1.000000
150	150	1.000000
151	151	1.000000
152	152	1.000000
153	153	1.000000
3841	153	1.000000
154	154	1.000000
155	155	1.000000
156	156	1.000000
157	157	1.000000
158	158	1.000000
3264	158	1.000000
159	159	1.000000
160	160	1.000000
161	161	1.000000
162	162	1.000000
2855	162	1.000000
163	163	1.000000
2857	163	1.000000
164	164	1.000000
2850	164	1.000000
4460	164	1.000000
165	165	1.000000
2851	165	1.000000
166	166	1.000000
2867	166	1.000000
3092	166	1.000000
3340	166	1.000000
3346	166	1.000000
3347	166	1.000000
167	167	1.000000
2869	167	1.000000
168	168	1.000000
169	169	1.000000
3528	169	1.000000
170	170	1.000000
2865	170	1.000000
171	171	1.000000
2834	171	1.000000
172	172	1.000000
2836	172	1.000000
173	173	1.000000
174	174	1.000000
175	175	1.000000
2848	175	1.000000
176	176	1.000000
2849	176	1.000000
177	177	1.000000
2839	177	1.000000
178	178	1.000000
2845	178	1.000000
179	179	1.000000
2912	179	1.000000
180	180	1.000000
2907	180	1.000000
181	181	1.000000
2906	181	1.000000
182	182	1.000000
2902	182	1.000000
183	183	1.000000
2921	183	1.000000
184	184	1.000000
2919	184	1.000000
185	185	1.000000
186	186	1.000000
2914	186	1.000000
187	187	1.000000
2882	187	1.000000
188	188	1.000000
2880	188	1.000000
189	189	1.000000
2877	189	1.000000
190	190	1.000000
2872	190	1.000000
191	191	1.000000
192	192	1.000000
193	193	1.000000
2893	193	1.000000
194	194	1.000000
2888	194	1.000000
195	195	1.000000
196	196	1.000000
197	197	1.000000
198	198	1.000000
199	199	1.000000
200	200	1.000000
1429	200	1.000000
3081	200	1.000000
3254	200	1.000000
201	201	1.000000
202	202	1.000000
203	203	1.000000
204	204	1.000000
205	205	1.000000
206	206	1.000000
207	207	1.000000
208	208	1.000000
2889	208	1.000000
209	209	1.000000
210	210	1.000000
211	211	1.000000
212	212	1.000000
213	213	1.000000
214	214	1.000000
215	215	1.000000
216	216	1.000000
217	217	1.000000
1849	217	1.000000
218	218	1.000000
219	219	1.000000
220	220	1.000000
221	221	1.000000
222	222	1.000000
223	223	1.000000
224	224	1.000000
225	225	1.000000
226	226	1.000000
3680	226	1.000000
227	227	1.000000
228	228	1.000000
229	229	1.000000
230	230	1.000000
231	231	1.000000
232	232	1.000000
3076	232	1.000000
233	233	1.000000
234	234	1.000000
235	235	1.000000
236	236	1.000000
237	237	1.000000
238	238	1.000000
239	239	1.000000
258	239	1.000000
240	240	1.000000
241	241	1.000000
242	242	1.000000
243	243	1.000000
244	244	1.000000
1505	244	1.000000
245	245	1.000000
259	245	1.000000
246	246	1.000000
1508	246	1.000000
247	247	1.000000
248	248	1.000000
249	249	1.000000
2997	249	1.000000
250	250	1.000000
251	251	1.000000
3518	251	1.000000
252	252	1.000000
253	253	1.000000
254	254	1.000000
255	255	1.000000
256	256	1.000000
257	257	1.000000
260	258	1.000000
261	259	1.000000
262	260	1.000000
2858	260	1.000000
263	261	1.000000
2486	261	1.000000
2489	261	1.000000
264	262	1.000000
265	263	1.000000
1627	263	1.000000
3970	263	1.000000
266	264	1.000000
1695	264	1.000000
267	265	1.000000
3748	265	1.000000
268	266	1.000000
3867	266	1.000000
269	267	1.000000
4492	267	1.000000
270	268	1.000000
271	269	1.000000
272	270	1.000000
605	270	1.000000
2876	270	1.000000
273	271	1.000000
3701	271	1.000000
3736	271	1.000000
274	272	1.000000
1372	272	1.000000
275	273	1.000000
4412	273	1.000000
276	274	1.000000
277	275	1.000000
4360	275	1.000000
4386	275	1.000000
278	276	1.000000
279	277	1.000000
280	278	1.000000
3472	278	1.000000
282	279	1.000000
283	280	1.000000
284	281	1.000000
285	282	1.000000
4392	282	1.000000
286	283	1.000000
4394	283	1.000000
287	284	1.000000
4379	284	1.000000
288	285	1.000000
4388	285	1.000000
289	286	1.000000
290	287	1.000000
4376	287	1.000000
291	288	1.000000
292	289	1.000000
293	290	1.000000
294	291	1.000000
295	292	1.000000
296	293	1.000000
297	294	1.000000
298	295	1.000000
299	296	1.000000
300	297	1.000000
301	298	1.000000
302	299	1.000000
303	300	1.000000
304	301	1.000000
305	302	1.000000
4344	302	1.000000
306	303	1.000000
307	304	1.000000
308	305	1.000000
309	306	1.000000
4462	306	1.000000
310	307	1.000000
4466	307	1.000000
311	308	1.000000
4467	308	1.000000
312	309	1.000000
4468	309	1.000000
313	310	1.000000
1941	310	1.000000
314	311	1.000000
315	312	1.000000
316	313	1.000000
317	314	1.000000
4459	314	1.000000
318	315	1.000000
319	316	1.000000
320	317	1.000000
4483	317	1.000000
321	318	1.000000
3693	318	1.000000
4419	318	1.000000
322	319	1.000000
4484	319	1.000000
323	320	1.000000
3563	320	1.000000
324	321	1.000000
4470	321	1.000000
325	322	1.000000
2813	322	1.000000
326	323	1.000000
4474	323	1.000000
327	324	1.000000
328	325	1.000000
329	326	1.000000
330	327	1.000000
331	328	1.000000
332	329	1.000000
333	330	1.000000
942	330	1.000000
1000	330	1.000000
1115	330	1.000000
2784	330	1.000000
2911	330	1.000000
3627	330	1.000000
3629	330	1.000000
4399	330	1.000000
334	331	1.000000
3541	331	1.000000
335	332	1.000000
4395	332	1.000000
336	333	1.000000
426	333	1.000000
582	333	1.000000
789	333	1.000000
896	333	1.000000
908	333	1.000000
1045	333	1.000000
1052	333	1.000000
1407	333	1.000000
2117	333	1.000000
2957	333	1.000000
3704	333	1.000000
3705	333	1.000000
3711	333	1.000000
3718	333	1.000000
3724	333	1.000000
3726	333	1.000000
3904	333	1.000000
3924	333	1.000000
3930	333	1.000000
3947	333	1.000000
4404	333	1.000000
337	334	1.000000
339	335	1.000000
340	336	1.000000
341	337	1.000000
342	338	1.000000
343	339	1.000000
344	340	1.000000
345	341	1.000000
346	342	1.000000
2884	342	1.000000
347	343	1.000000
4229	343	1.000000
348	344	1.000000
4228	344	1.000000
349	345	1.000000
2949	345	1.000000
350	346	1.000000
4226	346	1.000000
351	347	1.000000
2281	347	1.000000
352	348	1.000000
4222	348	1.000000
353	349	1.000000
354	349	1.000000
4235	349	1.000000
355	350	1.000000
4233	350	1.000000
356	351	1.000000
4230	351	1.000000
357	352	1.000000
4206	352	1.000000
358	353	1.000000
4205	353	1.000000
359	354	1.000000
4202	354	1.000000
360	355	1.000000
4200	355	1.000000
361	356	1.000000
4220	356	1.000000
362	357	1.000000
363	358	1.000000
4219	358	1.000000
364	359	1.000000
4218	359	1.000000
365	360	1.000000
3755	360	1.000000
3759	360	1.000000
366	361	1.000000
4213	361	1.000000
367	362	1.000000
370	362	1.000000
4134	362	1.000000
368	363	1.000000
369	364	1.000000
4121	364	1.000000
371	365	1.000000
4190	365	1.000000
372	366	1.000000
3882	366	1.000000
373	367	1.000000
4191	367	1.000000
374	368	1.000000
4169	368	1.000000
375	369	1.000000
4179	369	1.000000
376	370	1.000000
4000	370	1.000000
377	371	1.000000
4002	371	1.000000
378	372	1.000000
3988	372	1.000000
379	373	1.000000
3992	373	1.000000
380	374	1.000000
4008	374	1.000000
381	375	1.000000
4040	375	1.000000
382	376	1.000000
4004	376	1.000000
383	377	1.000000
3557	377	1.000000
384	378	1.000000
4006	378	1.000000
4463	378	1.000000
385	379	1.000000
386	380	1.000000
387	381	1.000000
388	382	1.000000
389	383	1.000000
390	384	1.000000
4373	384	1.000000
391	385	1.000000
392	386	1.000000
393	387	1.000000
394	388	1.000000
395	389	1.000000
4273	389	1.000000
396	390	1.000000
4270	390	1.000000
397	391	1.000000
3834	391	1.000000
398	392	1.000000
399	393	1.000000
400	394	1.000000
401	395	1.000000
402	396	1.000000
403	397	1.000000
404	398	1.000000
405	399	1.000000
4254	399	1.000000
406	400	1.000000
407	401	1.000000
408	402	1.000000
409	403	1.000000
410	404	1.000000
412	405	1.000000
4236	405	1.000000
413	406	1.000000
1546	406	1.000000
414	407	1.000000
4237	407	1.000000
415	408	1.000000
4239	408	1.000000
416	409	1.000000
417	410	1.000000
418	411	1.000000
419	412	1.000000
420	413	1.000000
421	414	1.000000
3752	414	1.000000
422	415	1.000000
3746	415	1.000000
423	416	1.000000
3738	416	1.000000
424	417	1.000000
3728	417	1.000000
425	418	1.000000
427	419	1.000000
3698	419	1.000000
428	420	1.000000
429	421	1.000000
430	422	1.000000
3648	422	1.000000
431	423	1.000000
3625	423	1.000000
432	424	1.000000
4473	424	1.000000
433	425	1.000000
434	426	1.000000
3606	426	1.000000
435	427	1.000000
3597	427	1.000000
436	428	1.000000
437	429	1.000000
708	429	1.000000
3581	429	1.000000
4147	429	1.000000
4149	429	1.000000
438	430	1.000000
3575	430	1.000000
439	431	1.000000
3579	431	1.000000
440	432	1.000000
441	433	1.000000
3568	433	1.000000
442	434	1.000000
3527	434	1.000000
443	435	1.000000
3544	435	1.000000
444	436	1.000000
445	437	1.000000
3523	437	1.000000
446	438	1.000000
3525	438	1.000000
447	439	1.000000
3519	439	1.000000
448	440	1.000000
3521	440	1.000000
449	441	1.000000
3511	441	1.000000
450	442	1.000000
3513	442	1.000000
451	443	1.000000
3502	443	1.000000
452	444	1.000000
3509	444	1.000000
453	445	1.000000
3888	445	1.000000
454	446	1.000000
3497	446	1.000000
455	447	1.000000
3500	447	1.000000
456	448	1.000000
3928	448	1.000000
457	449	1.000000
3914	449	1.000000
458	450	1.000000
3986	450	1.000000
459	451	1.000000
3983	451	1.000000
460	452	1.000000
3887	452	1.000000
461	453	1.000000
3876	453	1.000000
462	454	1.000000
3912	454	1.000000
463	455	1.000000
3902	455	1.000000
464	456	1.000000
3859	456	1.000000
465	457	1.000000
3858	457	1.000000
466	458	1.000000
1794	458	1.000000
467	459	1.000000
468	460	1.000000
469	461	1.000000
3498	461	1.000000
470	462	1.000000
3844	462	1.000000
471	463	1.000000
472	464	1.000000
537	464	1.000000
1509	464	1.000000
2114	464	1.000000
473	465	1.000000
3856	465	1.000000
474	466	1.000000
3849	466	1.000000
475	467	1.000000
476	468	1.000000
3826	468	1.000000
477	469	1.000000
478	470	1.000000
3830	470	1.000000
479	471	1.000000
480	472	1.000000
3816	472	1.000000
481	473	1.000000
3821	473	1.000000
482	474	1.000000
3823	474	1.000000
483	475	1.000000
1250	475	1.000000
2443	475	1.000000
2870	475	1.000000
3793	475	1.000000
4286	475	1.000000
484	476	1.000000
3795	476	1.000000
485	477	1.000000
528	477	1.000000
4171	477	1.000000
486	478	1.000000
3798	478	1.000000
487	479	1.000000
3810	479	1.000000
488	480	1.000000
3768	480	1.000000
489	481	1.000000
3779	481	1.000000
490	482	1.000000
3786	482	1.000000
491	483	1.000000
4167	483	1.000000
492	484	1.000000
3791	484	1.000000
493	485	1.000000
494	486	1.000000
495	487	1.000000
2174	487	1.000000
2734	487	1.000000
496	488	1.000000
3610	488	1.000000
497	489	1.000000
3007	489	1.000000
498	490	1.000000
2933	490	1.000000
499	491	1.000000
3911	491	1.000000
500	492	1.000000
2944	492	1.000000
501	493	1.000000
1664	493	1.000000
3927	493	1.000000
502	494	1.000000
2172	494	1.000000
503	495	1.000000
938	495	1.000000
504	496	1.000000
2950	496	1.000000
505	497	1.000000
3967	497	1.000000
506	498	1.000000
3526	498	1.000000
507	499	1.000000
1745	499	1.000000
508	500	1.000000
2854	500	1.000000
509	501	1.000000
1532	501	1.000000
510	502	1.000000
3325	502	1.000000
511	503	1.000000
3420	503	1.000000
512	504	1.000000
513	505	1.000000
4217	505	1.000000
514	506	1.000000
3419	506	1.000000
515	507	1.000000
516	508	1.000000
4168	508	1.000000
4385	508	1.000000
517	509	1.000000
2257	509	1.000000
518	510	1.000000
2350	510	1.000000
4013	510	1.000000
519	511	1.000000
2279	511	1.000000
520	512	1.000000
3787	512	1.000000
521	513	1.000000
522	514	1.000000
3172	514	1.000000
523	515	1.000000
4211	515	1.000000
524	516	1.000000
1603	516	1.000000
525	517	1.000000
2308	517	1.000000
4044	517	1.000000
526	518	1.000000
1601	518	1.000000
527	519	1.000000
529	520	1.000000
3665	520	1.000000
4207	520	1.000000
530	521	1.000000
2964	521	1.000000
531	522	1.000000
1014	522	1.000000
1050	522	1.000000
1055	522	1.000000
3720	522	1.000000
3723	522	1.000000
3739	522	1.000000
3819	522	1.000000
532	523	1.000000
3877	523	1.000000
533	524	1.000000
2286	524	1.000000
3880	524	1.000000
534	525	1.000000
535	526	1.000000
3434	526	1.000000
536	527	1.000000
538	528	1.000000
2259	528	1.000000
3733	528	1.000000
4216	528	1.000000
539	529	1.000000
2359	529	1.000000
3564	529	1.000000
4275	529	1.000000
540	530	1.000000
1364	530	1.000000
4238	530	1.000000
541	531	1.000000
1369	531	1.000000
3687	531	1.000000
542	532	1.000000
4231	532	1.000000
543	533	1.000000
1586	533	1.000000
2868	533	1.000000
3613	533	1.000000
544	534	1.000000
1735	534	1.000000
545	535	1.000000
1650	535	1.000000
546	536	1.000000
548	537	1.000000
4241	537	1.000000
549	538	1.000000
3666	538	1.000000
550	539	1.000000
551	540	1.000000
552	541	1.000000
553	542	1.000000
1905	542	1.000000
554	543	1.000000
555	544	1.000000
4378	544	1.000000
556	545	1.000000
1910	545	1.000000
557	546	1.000000
4380	546	1.000000
558	547	1.000000
3476	547	1.000000
559	548	1.000000
4215	548	1.000000
560	549	1.000000
1690	549	1.000000
561	550	1.000000
562	551	1.000000
3750	551	1.000000
563	552	1.000000
2318	552	1.000000
564	553	1.000000
565	554	1.000000
3478	554	1.000000
566	555	1.000000
1688	555	1.000000
567	556	1.000000
1721	556	1.000000
568	557	1.000000
580	557	1.000000
1136	557	1.000000
3567	557	1.000000
3893	557	1.000000
3896	557	1.000000
569	558	1.000000
4156	558	1.000000
570	559	1.000000
571	560	1.000000
2159	560	1.000000
4225	560	1.000000
572	561	1.000000
4391	561	1.000000
573	562	1.000000
2928	562	1.000000
574	563	1.000000
3010	563	1.000000
3998	563	1.000000
575	564	1.000000
4393	564	1.000000
576	565	1.000000
577	566	1.000000
578	567	1.000000
3510	567	1.000000
4137	567	1.000000
579	568	1.000000
4185	568	1.000000
581	569	1.000000
1628	569	1.000000
583	570	1.000000
1821	570	1.000000
584	571	1.000000
1513	571	1.000000
3558	571	1.000000
585	572	1.000000
2323	572	1.000000
4182	572	1.000000
586	573	1.000000
3881	573	1.000000
587	574	1.000000
3894	574	1.000000
588	575	1.000000
4180	575	1.000000
589	576	1.000000
1922	576	1.000000
590	577	1.000000
3731	577	1.000000
4402	577	1.000000
591	578	1.000000
1680	578	1.000000
592	579	1.000000
1629	579	1.000000
3540	579	1.000000
593	580	1.000000
1621	580	1.000000
594	581	1.000000
1515	581	1.000000
595	582	1.000000
1970	582	1.000000
596	583	1.000000
2022	583	1.000000
597	584	1.000000
2194	584	1.000000
598	585	1.000000
1733	585	1.000000
1885	585	1.000000
599	586	1.000000
2319	586	1.000000
600	587	1.000000
3865	587	1.000000
601	588	1.000000
1879	588	1.000000
3479	588	1.000000
602	589	1.000000
3412	589	1.000000
603	590	1.000000
2310	590	1.000000
604	591	1.000000
1623	591	1.000000
606	592	1.000000
2362	592	1.000000
607	593	1.000000
3529	593	1.000000
608	594	1.000000
2805	594	1.000000
609	595	1.000000
1895	595	1.000000
610	596	1.000000
2264	596	1.000000
3552	596	1.000000
611	597	1.000000
3391	597	1.000000
612	598	1.000000
2901	598	1.000000
613	599	1.000000
3663	599	1.000000
614	600	1.000000
615	601	1.000000
616	602	1.000000
1732	602	1.000000
617	603	1.000000
2878	603	1.000000
618	604	1.000000
1578	604	1.000000
619	605	1.000000
1655	605	1.000000
620	606	1.000000
1654	606	1.000000
621	607	1.000000
893	607	1.000000
1554	607	1.000000
2162	607	1.000000
2164	607	1.000000
3672	607	1.000000
4155	607	1.000000
4383	607	1.000000
622	608	1.000000
1653	608	1.000000
623	609	1.000000
1652	609	1.000000
624	610	1.000000
1661	610	1.000000
625	611	1.000000
1660	611	1.000000
626	612	1.000000
1658	612	1.000000
627	613	1.000000
1656	613	1.000000
628	614	1.000000
629	615	1.000000
1640	615	1.000000
630	616	1.000000
1639	616	1.000000
631	617	1.000000
1638	617	1.000000
632	618	1.000000
3682	618	1.000000
633	619	1.000000
1637	619	1.000000
2288	619	1.000000
634	620	1.000000
1645	620	1.000000
635	621	1.000000
1644	621	1.000000
636	622	1.000000
1643	622	1.000000
637	623	1.000000
1641	623	1.000000
3517	623	1.000000
638	624	1.000000
1689	624	1.000000
639	625	1.000000
1691	625	1.000000
640	626	1.000000
1686	626	1.000000
641	627	1.000000
1687	627	1.000000
642	628	1.000000
1697	628	1.000000
1909	628	1.000000
643	629	1.000000
1716	629	1.000000
4203	629	1.000000
644	630	1.000000
1699	630	1.000000
645	631	1.000000
1694	631	1.000000
646	632	1.000000
1696	632	1.000000
647	633	1.000000
1671	633	1.000000
648	634	1.000000
1675	634	1.000000
649	635	1.000000
1669	635	1.000000
650	636	1.000000
1670	636	1.000000
651	637	1.000000
652	638	1.000000
1681	638	1.000000
653	639	1.000000
1682	639	1.000000
654	640	1.000000
1677	640	1.000000
655	641	1.000000
1678	641	1.000000
656	642	1.000000
1595	642	1.000000
657	643	1.000000
1593	643	1.000000
658	644	1.000000
1598	644	1.000000
659	645	1.000000
1594	645	1.000000
660	646	1.000000
1602	646	1.000000
661	647	1.000000
1599	647	1.000000
662	648	1.000000
1606	648	1.000000
663	649	1.000000
2909	649	1.000000
4481	649	1.000000
664	650	1.000000
1605	650	1.000000
665	651	1.000000
1575	651	1.000000
666	652	1.000000
1573	652	1.000000
667	653	1.000000
1582	653	1.000000
668	654	1.000000
1576	654	1.000000
669	655	1.000000
1584	655	1.000000
670	656	1.000000
1583	656	1.000000
671	657	1.000000
1588	657	1.000000
672	658	1.000000
1587	658	1.000000
673	659	1.000000
2883	659	1.000000
4210	659	1.000000
674	660	1.000000
1619	660	1.000000
675	661	1.000000
1620	661	1.000000
676	662	1.000000
1622	662	1.000000
677	663	1.000000
1725	663	1.000000
678	664	1.000000
3048	664	1.000000
679	665	1.000000
1624	665	1.000000
680	666	1.000000
1625	666	1.000000
681	667	1.000000
1630	667	1.000000
682	668	1.000000
1631	668	1.000000
683	669	1.000000
1636	669	1.000000
684	670	1.000000
1607	670	1.000000
2139	670	1.000000
685	671	1.000000
1608	671	1.000000
686	672	1.000000
1610	672	1.000000
687	673	1.000000
1612	673	1.000000
688	674	1.000000
1613	674	1.000000
689	675	1.000000
1614	675	1.000000
690	676	1.000000
1615	676	1.000000
691	677	1.000000
1616	677	1.000000
692	678	1.000000
4145	678	1.000000
693	679	1.000000
1789	679	1.000000
694	680	1.000000
4146	680	1.000000
695	681	1.000000
1785	681	1.000000
696	682	1.000000
710	682	1.000000
833	682	1.000000
4132	682	1.000000
4141	682	1.000000
4142	682	1.000000
4150	682	1.000000
697	683	1.000000
1782	683	1.000000
699	684	1.000000
1778	684	1.000000
700	685	1.000000
1779	685	1.000000
701	686	1.000000
1776	686	1.000000
702	687	1.000000
1775	687	1.000000
703	688	1.000000
1774	688	1.000000
704	689	1.000000
4151	689	1.000000
705	690	1.000000
1771	690	1.000000
706	691	1.000000
1844	691	1.000000
707	692	1.000000
1769	692	1.000000
709	693	1.000000
1768	693	1.000000
711	694	1.000000
1766	694	1.000000
712	695	1.000000
1767	695	1.000000
713	696	1.000000
1765	696	1.000000
714	697	1.000000
1762	697	1.000000
715	698	1.000000
4148	698	1.000000
716	699	1.000000
1763	699	1.000000
717	700	1.000000
4192	700	1.000000
718	701	1.000000
1815	701	1.000000
719	702	1.000000
1814	702	1.000000
2807	702	1.000000
720	703	1.000000
1810	703	1.000000
721	704	1.000000
4184	704	1.000000
722	705	1.000000
1811	705	1.000000
723	706	1.000000
4166	706	1.000000
724	707	1.000000
1805	707	1.000000
725	708	1.000000
727	708	1.000000
4152	708	1.000000
4162	708	1.000000
726	709	1.000000
1804	709	1.000000
728	710	1.000000
1803	710	1.000000
729	711	1.000000
1802	711	1.000000
730	712	1.000000
1798	712	1.000000
731	713	1.000000
1800	713	1.000000
732	714	1.000000
3677	714	1.000000
733	715	1.000000
1796	715	1.000000
734	716	1.000000
4298	716	1.000000
735	717	1.000000
1799	717	1.000000
736	718	1.000000
4295	718	1.000000
737	719	1.000000
1368	719	1.000000
1790	719	1.000000
4381	719	1.000000
738	720	1.000000
3031	720	1.000000
739	721	1.000000
1797	721	1.000000
740	722	1.000000
1788	722	1.000000
741	723	1.000000
1791	723	1.000000
2294	723	1.000000
742	724	1.000000
1722	724	1.000000
743	725	1.000000
1720	725	1.000000
3981	725	1.000000
744	726	1.000000
1726	726	1.000000
745	727	1.000000
1724	727	1.000000
746	728	1.000000
1714	728	1.000000
747	729	1.000000
1713	729	1.000000
3996	729	1.000000
748	730	1.000000
1717	730	1.000000
749	731	1.000000
1715	731	1.000000
750	732	1.000000
1709	732	1.000000
751	733	1.000000
1706	733	1.000000
752	734	1.000000
1711	734	1.000000
753	735	1.000000
1710	735	1.000000
754	736	1.000000
2861	736	1.000000
755	737	1.000000
1703	737	1.000000
756	738	1.000000
1701	738	1.000000
757	739	1.000000
1705	739	1.000000
758	740	1.000000
1704	740	1.000000
759	741	1.000000
1755	741	1.000000
760	742	1.000000
1757	742	1.000000
3313	742	1.000000
761	743	1.000000
1761	743	1.000000
762	744	1.000000
817	744	1.000000
2141	744	1.000000
3216	744	1.000000
4018	744	1.000000
4045	744	1.000000
763	745	1.000000
1760	745	1.000000
764	746	1.000000
1750	746	1.000000
765	747	1.000000
1751	747	1.000000
766	748	1.000000
767	749	1.000000
1753	749	1.000000
768	750	1.000000
1743	750	1.000000
769	751	1.000000
1746	751	1.000000
770	752	1.000000
1748	752	1.000000
771	753	1.000000
1749	753	1.000000
772	754	1.000000
1730	754	1.000000
773	755	1.000000
1829	755	1.000000
4224	755	1.000000
774	756	1.000000
3570	756	1.000000
775	757	1.000000
1731	757	1.000000
776	758	1.000000
1738	758	1.000000
777	759	1.000000
1740	759	1.000000
778	760	1.000000
3939	760	1.000000
779	761	1.000000
925	761	1.000000
3917	761	1.000000
3938	761	1.000000
780	762	1.000000
3937	762	1.000000
3951	762	1.000000
781	763	1.000000
2866	763	1.000000
3943	763	1.000000
782	764	1.000000
3621	764	1.000000
783	765	1.000000
3942	765	1.000000
784	766	1.000000
3537	766	1.000000
785	767	1.000000
3941	767	1.000000
786	768	1.000000
3940	768	1.000000
787	769	1.000000
3932	769	1.000000
788	770	1.000000
3931	770	1.000000
790	771	1.000000
3857	771	1.000000
3926	771	1.000000
791	772	1.000000
3936	772	1.000000
792	773	1.000000
3935	773	1.000000
793	774	1.000000
1856	774	1.000000
794	775	1.000000
3934	775	1.000000
795	776	1.000000
2073	776	1.000000
3933	776	1.000000
796	777	1.000000
3958	777	1.000000
797	778	1.000000
3545	778	1.000000
798	779	1.000000
3961	779	1.000000
799	780	1.000000
2035	780	1.000000
3054	780	1.000000
3952	780	1.000000
800	781	1.000000
2168	781	1.000000
3956	781	1.000000
801	782	1.000000
802	783	1.000000
3966	783	1.000000
803	784	1.000000
3962	784	1.000000
804	785	1.000000
2317	785	1.000000
805	786	1.000000
3963	786	1.000000
806	787	1.000000
3944	787	1.000000
807	788	1.000000
3945	788	1.000000
808	789	1.000000
4469	789	1.000000
809	790	1.000000
1899	790	1.000000
810	791	1.000000
3949	791	1.000000
811	792	1.000000
907	792	1.000000
3923	792	1.000000
3950	792	1.000000
812	793	1.000000
3946	793	1.000000
813	794	1.000000
3991	794	1.000000
4161	794	1.000000
814	795	1.000000
1700	795	1.000000
3987	795	1.000000
815	796	1.000000
3871	796	1.000000
816	797	1.000000
4024	797	1.000000
4181	797	1.000000
818	798	1.000000
1764	798	1.000000
4039	798	1.000000
819	799	1.000000
4047	799	1.000000
820	800	1.000000
4194	800	1.000000
821	801	1.000000
2055	801	1.000000
822	802	1.000000
1549	802	1.000000
2925	802	1.000000
823	803	1.000000
923	803	1.000000
1035	803	1.000000
2134	803	1.000000
3916	803	1.000000
3973	803	1.000000
824	804	1.000000
3964	804	1.000000
825	805	1.000000
826	805	1.000000
3984	805	1.000000
827	806	1.000000
4120	806	1.000000
828	807	1.000000
4122	807	1.000000
829	808	1.000000
4123	808	1.000000
830	809	1.000000
4130	809	1.000000
831	810	1.000000
2336	810	1.000000
834	811	1.000000
3994	811	1.000000
835	812	1.000000
4052	812	1.000000
836	813	1.000000
4053	813	1.000000
4278	813	1.000000
838	814	1.000000
2266	814	1.000000
839	815	1.000000
976	815	1.000000
1825	815	1.000000
2351	815	1.000000
3583	815	1.000000
4078	815	1.000000
840	816	1.000000
3971	816	1.000000
841	817	1.000000
2874	817	1.000000
4305	817	1.000000
842	818	1.000000
843	819	1.000000
844	820	1.000000
845	821	1.000000
983	821	1.000000
2333	821	1.000000
3588	821	1.000000
3633	821	1.000000
3827	821	1.000000
3840	821	1.000000
4126	821	1.000000
846	822	1.000000
1544	822	1.000000
847	823	1.000000
1786	823	1.000000
848	824	1.000000
849	825	1.000000
3822	825	1.000000
4034	825	1.000000
850	826	1.000000
851	827	1.000000
852	828	1.000000
3811	828	1.000000
4284	828	1.000000
853	829	1.000000
3806	829	1.000000
854	830	1.000000
1189	830	1.000000
1194	830	1.000000
2388	830	1.000000
2391	830	1.000000
2961	830	1.000000
3804	830	1.000000
3829	830	1.000000
3845	830	1.000000
3846	830	1.000000
855	831	1.000000
1555	831	1.000000
856	832	1.000000
1553	832	1.000000
857	833	1.000000
3885	833	1.000000
858	834	1.000000
3869	834	1.000000
859	835	1.000000
4212	835	1.000000
860	836	1.000000
2167	836	1.000000
861	837	1.000000
1592	837	1.000000
3600	837	1.000000
862	838	1.000000
3418	838	1.000000
863	839	1.000000
3866	839	1.000000
864	840	1.000000
1572	840	1.000000
865	841	1.000000
1571	841	1.000000
866	842	1.000000
3860	842	1.000000
867	843	1.000000
1567	843	1.000000
868	844	1.000000
949	844	1.000000
1002	844	1.000000
1039	844	1.000000
3646	844	1.000000
3703	844	1.000000
3737	844	1.000000
3848	844	1.000000
869	845	1.000000
1565	845	1.000000
870	846	1.000000
3651	846	1.000000
871	847	1.000000
3852	847	1.000000
872	848	1.000000
2360	848	1.000000
4163	848	1.000000
873	849	1.000000
874	850	1.000000
1374	850	1.000000
875	851	1.000000
1563	851	1.000000
876	852	1.000000
3839	852	1.000000
877	853	1.000000
1536	853	1.000000
3837	853	1.000000
878	854	1.000000
1559	854	1.000000
879	855	1.000000
1558	855	1.000000
880	856	1.000000
4176	856	1.000000
881	857	1.000000
3909	857	1.000000
882	858	1.000000
3908	858	1.000000
883	859	1.000000
2930	859	1.000000
3910	859	1.000000
884	860	1.000000
2285	860	1.000000
3757	860	1.000000
885	861	1.000000
1482	861	1.000000
886	862	1.000000
1483	862	1.000000
887	863	1.000000
3673	863	1.000000
888	864	1.000000
3905	864	1.000000
889	865	1.000000
890	866	1.000000
3907	866	1.000000
891	867	1.000000
4387	867	1.000000
892	868	1.000000
1517	868	1.000000
894	869	1.000000
1520	869	1.000000
895	870	1.000000
1521	870	1.000000
897	871	1.000000
1523	871	1.000000
898	872	1.000000
1816	872	1.000000
899	873	1.000000
3903	873	1.000000
900	874	1.000000
4297	874	1.000000
901	875	1.000000
902	876	1.000000
1514	876	1.000000
903	877	1.000000
3969	877	1.000000
904	878	1.000000
2353	878	1.000000
3891	878	1.000000
905	879	1.000000
1516	879	1.000000
906	880	1.000000
1530	880	1.000000
909	881	1.000000
1529	881	1.000000
910	882	1.000000
1533	882	1.000000
911	883	1.000000
1718	883	1.000000
913	884	1.000000
3925	884	1.000000
914	885	1.000000
1525	885	1.000000
4491	885	1.000000
915	886	1.000000
3920	886	1.000000
916	887	1.000000
1522	887	1.000000
917	888	1.000000
3921	888	1.000000
918	889	1.000000
1527	889	1.000000
919	890	1.000000
921	890	1.000000
3922	890	1.000000
920	891	1.000000
1526	891	1.000000
922	892	1.000000
1541	892	1.000000
924	893	1.000000
1540	893	1.000000
926	894	1.000000
1543	894	1.000000
927	895	1.000000
3918	895	1.000000
928	896	1.000000
1542	896	1.000000
930	897	1.000000
1535	897	1.000000
931	898	1.000000
2261	898	1.000000
2296	898	1.000000
932	899	1.000000
1534	899	1.000000
933	900	1.000000
1539	900	1.000000
2138	900	1.000000
934	901	1.000000
3913	901	1.000000
935	902	1.000000
1537	902	1.000000
936	903	1.000000
1977	903	1.000000
3543	903	1.000000
4372	903	1.000000
939	904	1.000000
2239	904	1.000000
940	905	1.000000
3638	905	1.000000
941	906	1.000000
2240	906	1.000000
943	907	1.000000
2242	907	1.000000
944	908	1.000000
2244	908	1.000000
945	909	1.000000
3640	909	1.000000
946	910	1.000000
2251	910	1.000000
4186	910	1.000000
947	911	1.000000
3647	911	1.000000
948	912	1.000000
2253	912	1.000000
950	913	1.000000
2254	913	1.000000
951	914	1.000000
3652	914	1.000000
952	915	1.000000
2255	915	1.000000
953	916	1.000000
3649	916	1.000000
954	917	1.000000
2214	917	1.000000
955	918	1.000000
3656	918	1.000000
956	919	1.000000
2215	919	1.000000
957	920	1.000000
3655	920	1.000000
958	921	1.000000
2221	921	1.000000
959	922	1.000000
1918	922	1.000000
3808	922	1.000000
3809	922	1.000000
960	923	1.000000
2225	923	1.000000
961	924	1.000000
3660	924	1.000000
962	925	1.000000
1373	925	1.000000
3671	925	1.000000
963	926	1.000000
2232	926	1.000000
964	927	1.000000
2233	927	1.000000
965	928	1.000000
2235	928	1.000000
966	929	1.000000
3678	929	1.000000
967	930	1.000000
2238	930	1.000000
968	931	1.000000
3495	931	1.000000
969	932	1.000000
3674	932	1.000000
970	933	1.000000
2201	933	1.000000
971	934	1.000000
974	934	1.000000
2881	934	1.000000
3573	934	1.000000
3578	934	1.000000
972	935	1.000000
2200	935	1.000000
973	936	1.000000
3574	936	1.000000
975	937	1.000000
2204	937	1.000000
977	938	1.000000
2202	938	1.000000
2856	938	1.000000
978	939	1.000000
2207	939	1.000000
979	940	1.000000
2206	940	1.000000
980	941	1.000000
2358	941	1.000000
3586	941	1.000000
981	942	1.000000
2213	942	1.000000
982	943	1.000000
2209	943	1.000000
984	944	1.000000
2185	944	1.000000
985	945	1.000000
3598	945	1.000000
986	946	1.000000
2183	946	1.000000
987	947	1.000000
3602	947	1.000000
988	948	1.000000
2189	948	1.000000
989	949	1.000000
3603	949	1.000000
990	950	1.000000
2186	950	1.000000
991	951	1.000000
3607	951	1.000000
992	952	1.000000
2196	952	1.000000
993	953	1.000000
3611	953	1.000000
994	954	1.000000
3836	954	1.000000
995	955	1.000000
2192	955	1.000000
996	956	1.000000
1747	956	1.000000
3617	956	1.000000
997	957	1.000000
2199	957	1.000000
998	958	1.000000
3619	958	1.000000
999	959	1.000000
1001	960	1.000000
2198	960	1.000000
1003	961	1.000000
2166	961	1.000000
1004	962	1.000000
2170	962	1.000000
1005	963	1.000000
2158	963	1.000000
1006	964	1.000000
3727	964	1.000000
1007	965	1.000000
2160	965	1.000000
1008	966	1.000000
2179	966	1.000000
1009	967	1.000000
2898	967	1.000000
1010	968	1.000000
2181	968	1.000000
1011	969	1.000000
3743	969	1.000000
1012	970	1.000000
2171	970	1.000000
1013	971	1.000000
2177	971	1.000000
1015	972	1.000000
2137	972	1.000000
4199	972	1.000000
1016	973	1.000000
3765	973	1.000000
1017	974	1.000000
2144	974	1.000000
1018	975	1.000000
2173	975	1.000000
1019	976	1.000000
2135	976	1.000000
1020	977	1.000000
3747	977	1.000000
1021	978	1.000000
1056	978	1.000000
2122	978	1.000000
2136	978	1.000000
1022	979	1.000000
2155	979	1.000000
1023	980	1.000000
2157	980	1.000000
1024	981	1.000000
2150	981	1.000000
1025	982	1.000000
1270	982	1.000000
1276	982	1.000000
1288	982	1.000000
2147	982	1.000000
2396	982	1.000000
2399	982	1.000000
2421	982	1.000000
2797	982	1.000000
3702	982	1.000000
3764	982	1.000000
3784	982	1.000000
3785	982	1.000000
3796	982	1.000000
3799	982	1.000000
3802	982	1.000000
4300	982	1.000000
4301	982	1.000000
1026	983	1.000000
2154	983	1.000000
1027	984	1.000000
3691	984	1.000000
1028	985	1.000000
2129	985	1.000000
1029	986	1.000000
3697	986	1.000000
1031	987	1.000000
3684	987	1.000000
1032	988	1.000000
2127	988	1.000000
4221	988	1.000000
1033	989	1.000000
3689	989	1.000000
1034	990	1.000000
2126	990	1.000000
1036	991	1.000000
3707	991	1.000000
1037	992	1.000000
1038	992	1.000000
2132	992	1.000000
2133	992	1.000000
1040	993	1.000000
2130	993	1.000000
1041	994	1.000000
3714	994	1.000000
1043	995	1.000000
3716	995	1.000000
1044	996	1.000000
2119	996	1.000000
1046	997	1.000000
2118	997	1.000000
1047	998	1.000000
3712	998	1.000000
1048	999	1.000000
2111	999	1.000000
1049	1000	1.000000
2125	1000	1.000000
1051	1001	1.000000
1054	1001	1.000000
2123	1001	1.000000
2124	1001	1.000000
1053	1002	1.000000
1057	1003	1.000000
3722	1003	1.000000
1058	1004	1.000000
1059	1005	1.000000
3417	1005	1.000000
1060	1006	1.000000
1061	1007	1.000000
3415	1007	1.000000
1062	1008	1.000000
1063	1009	1.000000
3427	1009	1.000000
1064	1010	1.000000
1065	1011	1.000000
3375	1011	1.000000
3396	1011	1.000000
3421	1011	1.000000
1066	1012	1.000000
1067	1013	1.000000
3400	1013	1.000000
1068	1014	1.000000
1376	1014	1.000000
1069	1015	1.000000
3387	1015	1.000000
1070	1016	1.000000
3413	1016	1.000000
1071	1017	1.000000
1072	1018	1.000000
1073	1019	1.000000
3410	1019	1.000000
3929	1019	1.000000
1074	1020	1.000000
2354	1020	1.000000
1075	1021	1.000000
3459	1021	1.000000
1076	1022	1.000000
2355	1022	1.000000
1077	1023	1.000000
3457	1023	1.000000
1078	1024	1.000000
2356	1024	1.000000
1079	1025	1.000000
2105	1025	1.000000
3464	1025	1.000000
1080	1026	1.000000
2361	1026	1.000000
1081	1027	1.000000
3460	1027	1.000000
1082	1028	1.000000
2344	1028	1.000000
1083	1029	1.000000
3433	1029	1.000000
1084	1030	1.000000
2347	1030	1.000000
1085	1031	1.000000
3431	1031	1.000000
1086	1032	1.000000
2349	1032	1.000000
1087	1033	1.000000
3441	1033	1.000000
1088	1034	1.000000
2352	1034	1.000000
1089	1035	1.000000
2339	1035	1.000000
1090	1036	1.000000
2736	1036	1.000000
1091	1037	1.000000
2337	1037	1.000000
1092	1038	1.000000
2143	1038	1.000000
2765	1038	1.000000
4143	1038	1.000000
1093	1039	1.000000
2342	1039	1.000000
1094	1040	1.000000
2773	1040	1.000000
3985	1040	1.000000
4119	1040	1.000000
1095	1041	1.000000
2340	1041	1.000000
1096	1042	1.000000
2330	1042	1.000000
1097	1043	1.000000
2715	1043	1.000000
3499	1043	1.000000
3824	1043	1.000000
1098	1044	1.000000
2724	1044	1.000000
1099	1045	1.000000
2329	1045	1.000000
1100	1046	1.000000
2131	1046	1.000000
2726	1046	1.000000
3653	1046	1.000000
3789	1046	1.000000
1101	1047	1.000000
2332	1047	1.000000
3729	1047	1.000000
1102	1048	1.000000
2732	1048	1.000000
1103	1049	1.000000
2331	1049	1.000000
1104	1050	1.000000
2804	1050	1.000000
1105	1051	1.000000
2322	1051	1.000000
1106	1052	1.000000
1285	1052	1.000000
2146	1052	1.000000
2403	1052	1.000000
2416	1052	1.000000
2426	1052	1.000000
2444	1052	1.000000
3373	1052	1.000000
3854	1052	1.000000
3874	1052	1.000000
1107	1053	1.000000
2320	1053	1.000000
1108	1054	1.000000
3380	1054	1.000000
1109	1055	1.000000
2328	1055	1.000000
1110	1056	1.000000
2326	1056	1.000000
1111	1057	1.000000
3382	1057	1.000000
1112	1058	1.000000
1859	1058	1.000000
2782	1058	1.000000
1113	1059	1.000000
2313	1059	1.000000
1114	1060	1.000000
2312	1060	1.000000
1116	1061	1.000000
2156	1061	1.000000
2791	1061	1.000000
3319	1061	1.000000
1117	1062	1.000000
2316	1062	1.000000
2334	1062	1.000000
1118	1063	1.000000
2795	1063	1.000000
1119	1064	1.000000
2314	1064	1.000000
1120	1065	1.000000
2071	1065	1.000000
3553	1065	1.000000
1121	1066	1.000000
2306	1066	1.000000
1122	1067	1.000000
2307	1067	1.000000
1123	1068	1.000000
3550	1068	1.000000
4046	1068	1.000000
1124	1069	1.000000
2304	1069	1.000000
1125	1070	1.000000
3547	1070	1.000000
1126	1071	1.000000
3040	1071	1.000000
1127	1072	1.000000
2305	1072	1.000000
1128	1073	1.000000
3546	1073	1.000000
1129	1074	1.000000
2302	1074	1.000000
1130	1075	1.000000
3539	1075	1.000000
1131	1076	1.000000
2303	1076	1.000000
1132	1077	1.000000
3536	1077	1.000000
1133	1078	1.000000
2299	1078	1.000000
1134	1079	1.000000
1668	1079	1.000000
3535	1079	1.000000
1135	1080	1.000000
2300	1080	1.000000
1137	1081	1.000000
2297	1081	1.000000
1138	1082	1.000000
3562	1082	1.000000
1139	1083	1.000000
2298	1083	1.000000
1140	1084	1.000000
3561	1084	1.000000
1141	1085	1.000000
1142	1086	1.000000
2293	1086	1.000000
4175	1086	1.000000
1143	1087	1.000000
3565	1087	1.000000
1144	1088	1.000000
3560	1088	1.000000
1145	1089	1.000000
2295	1089	1.000000
1146	1090	1.000000
2268	1090	1.000000
3559	1090	1.000000
1147	1091	1.000000
2291	1091	1.000000
1148	1092	1.000000
2292	1092	1.000000
1149	1093	1.000000
3556	1093	1.000000
1150	1094	1.000000
2284	1094	1.000000
1151	1095	1.000000
2289	1095	1.000000
1152	1096	1.000000
3490	1096	1.000000
1153	1097	1.000000
2282	1097	1.000000
1154	1098	1.000000
2280	1098	1.000000
1155	1099	1.000000
3486	1099	1.000000
1157	1100	1.000000
3488	1100	1.000000
1158	1101	1.000000
2277	1101	1.000000
1159	1102	1.000000
2276	1102	1.000000
1160	1103	1.000000
3481	1103	1.000000
3855	1103	1.000000
1161	1104	1.000000
1806	1104	1.000000
1162	1105	1.000000
2274	1105	1.000000
3870	1105	1.000000
1163	1106	1.000000
3473	1106	1.000000
1164	1107	1.000000
2273	1107	1.000000
1165	1108	1.000000
3480	1108	1.000000
1166	1109	1.000000
2272	1109	1.000000
1167	1110	1.000000
3531	1110	1.000000
1168	1111	1.000000
2271	1111	1.000000
1169	1112	1.000000
3533	1112	1.000000
1170	1113	1.000000
2270	1113	1.000000
1171	1114	1.000000
3520	1114	1.000000
1172	1115	1.000000
2269	1115	1.000000
1173	1116	1.000000
1174	1117	1.000000
2263	1117	1.000000
1175	1118	1.000000
2287	1118	1.000000
1176	1119	1.000000
2290	1119	1.000000
3522	1119	1.000000
1177	1120	1.000000
2262	1120	1.000000
1178	1121	1.000000
2309	1121	1.000000
2860	1121	1.000000
3501	1121	1.000000
4214	1121	1.000000
1179	1122	1.000000
3514	1122	1.000000
1180	1123	1.000000
2260	1123	1.000000
1181	1124	1.000000
3496	1124	1.000000
1182	1125	1.000000
2258	1125	1.000000
1183	1126	1.000000
2165	1126	1.000000
2895	1126	1.000000
1184	1127	1.000000
2256	1127	1.000000
1185	1128	1.000000
1927	1128	1.000000
1186	1129	1.000000
1926	1129	1.000000
1187	1130	1.000000
1930	1130	1.000000
1188	1131	1.000000
1929	1131	1.000000
1190	1132	1.000000
1935	1132	1.000000
1191	1133	1.000000
1259	1133	1.000000
1265	1133	1.000000
1273	1133	1.000000
2390	1133	1.000000
2404	1133	1.000000
2408	1133	1.000000
2412	1133	1.000000
2447	1133	1.000000
2706	1133	1.000000
3637	1133	1.000000
3763	1133	1.000000
3766	1133	1.000000
3790	1133	1.000000
3832	1133	1.000000
4108	1133	1.000000
4116	1133	1.000000
4129	1133	1.000000
4290	1133	1.000000
4291	1133	1.000000
1192	1134	1.000000
1931	1134	1.000000
1193	1135	1.000000
1938	1135	1.000000
1195	1136	1.000000
1937	1136	1.000000
1196	1137	1.000000
2392	1137	1.000000
1197	1138	1.000000
1940	1138	1.000000
1198	1139	1.000000
1939	1139	1.000000
1199	1140	1.000000
1366	1140	1.000000
1200	1141	1.000000
1944	1141	1.000000
3027	1141	1.000000
1201	1142	1.000000
1943	1142	1.000000
1202	1143	1.000000
1949	1143	1.000000
1203	1144	1.000000
1948	1144	1.000000
1204	1145	1.000000
1954	1145	1.000000
1205	1146	1.000000
1950	1146	1.000000
1206	1147	1.000000
1900	1147	1.000000
1207	1148	1.000000
1901	1148	1.000000
1208	1149	1.000000
1902	1149	1.000000
1209	1150	1.000000
1904	1150	1.000000
1210	1151	1.000000
1906	1151	1.000000
1211	1152	1.000000
1908	1152	1.000000
1212	1153	1.000000
1911	1153	1.000000
1213	1154	1.000000
1912	1154	1.000000
1214	1155	1.000000
4201	1155	1.000000
1215	1156	1.000000
1913	1156	1.000000
1216	1157	1.000000
1218	1158	1.000000
1917	1158	1.000000
1219	1159	1.000000
1919	1159	1.000000
1220	1160	1.000000
1920	1160	1.000000
1221	1161	1.000000
1923	1161	1.000000
1222	1162	1.000000
1223	1163	1.000000
1924	1163	1.000000
1224	1164	1.000000
1925	1164	1.000000
1225	1165	1.000000
1868	1165	1.000000
1226	1166	1.000000
2450	1166	1.000000
1227	1167	1.000000
1867	1167	1.000000
1228	1168	1.000000
2452	1168	1.000000
1229	1169	1.000000
1864	1169	1.000000
1230	1170	1.000000
2446	1170	1.000000
1231	1171	1.000000
1863	1171	1.000000
1232	1172	1.000000
3290	1172	1.000000
1233	1173	1.000000
2449	1173	1.000000
1234	1174	1.000000
1877	1174	1.000000
1235	1175	1.000000
2708	1175	1.000000
3957	1175	1.000000
4245	1175	1.000000
1236	1176	1.000000
1872	1176	1.000000
1237	1177	1.000000
2711	1177	1.000000
1238	1178	1.000000
1873	1178	1.000000
1239	1179	1.000000
2453	1179	1.000000
2812	1179	1.000000
3782	1179	1.000000
1240	1180	1.000000
1869	1180	1.000000
1241	1181	1.000000
2454	1181	1.000000
1242	1182	1.000000
1887	1182	1.000000
1243	1183	1.000000
2430	1183	1.000000
1245	1184	1.000000
2432	1184	1.000000
1246	1185	1.000000
1882	1185	1.000000
1247	1186	1.000000
2425	1186	1.000000
1248	1187	1.000000
1880	1187	1.000000
1249	1188	1.000000
2429	1188	1.000000
1251	1189	1.000000
1898	1189	1.000000
1252	1190	1.000000
1897	1190	1.000000
1253	1191	1.000000
2445	1191	1.000000
1254	1192	1.000000
1896	1192	1.000000
1255	1193	1.000000
1891	1193	1.000000
1256	1194	1.000000
2442	1194	1.000000
1257	1195	1.000000
1824	1195	1.000000
1258	1196	1.000000
1826	1196	1.000000
1260	1197	1.000000
1820	1197	1.000000
1261	1198	1.000000
2406	1198	1.000000
3368	1198	1.000000
1262	1199	1.000000
3753	1199	1.000000
1263	1200	1.000000
1556	1200	1.000000
1264	1201	1.000000
1822	1201	1.000000
1266	1202	1.000000
1834	1202	1.000000
1267	1203	1.000000
2424	1203	1.000000
1268	1204	1.000000
1835	1204	1.000000
1269	1205	1.000000
2423	1205	1.000000
4292	1205	1.000000
1271	1206	1.000000
1777	1206	1.000000
1830	1206	1.000000
1272	1207	1.000000
1831	1207	1.000000
1274	1208	1.000000
3835	1208	1.000000
1275	1209	1.000000
1850	1209	1.000000
1277	1210	1.000000
1855	1210	1.000000
1278	1211	1.000000
1280	1211	1.000000
1282	1211	1.000000
1915	1211	1.000000
2393	1211	1.000000
2394	1211	1.000000
2395	1211	1.000000
1279	1212	1.000000
1841	1212	1.000000
1281	1213	1.000000
1846	1213	1.000000
1283	1214	1.000000
1719	1214	1.000000
3741	1214	1.000000
1284	1215	1.000000
1860	1215	1.000000
1286	1216	1.000000
1861	1216	1.000000
1287	1217	1.000000
2402	1217	1.000000
3700	1217	1.000000
4103	1217	1.000000
4299	1217	1.000000
1289	1218	1.000000
1857	1218	1.000000
1290	1219	1.000000
1858	1219	1.000000
1291	1220	1.000000
2397	1220	1.000000
1292	1221	1.000000
2065	1221	1.000000
1293	1222	1.000000
1294	1223	1.000000
2064	1223	1.000000
1295	1224	1.000000
2067	1224	1.000000
1297	1225	1.000000
2056	1225	1.000000
1298	1226	1.000000
2053	1226	1.000000
1299	1227	1.000000
2062	1227	1.000000
1300	1228	1.000000
2061	1228	1.000000
1301	1229	1.000000
2101	1229	1.000000
1302	1230	1.000000
2081	1230	1.000000
1303	1231	1.000000
2109	1231	1.000000
1304	1232	1.000000
2107	1232	1.000000
1305	1233	1.000000
2076	1233	1.000000
1306	1234	1.000000
1307	1235	1.000000
2069	1235	1.000000
1308	1236	1.000000
2080	1236	1.000000
1309	1237	1.000000
2077	1237	1.000000
1310	1238	1.000000
2026	1238	1.000000
1311	1239	1.000000
2027	1239	1.000000
1312	1240	1.000000
2028	1240	1.000000
1313	1241	1.000000
2029	1241	1.000000
1314	1242	1.000000
2016	1242	1.000000
1315	1243	1.000000
2018	1243	1.000000
2335	1243	1.000000
1316	1244	1.000000
2020	1244	1.000000
1317	1245	1.000000
2023	1245	1.000000
1318	1246	1.000000
2043	1246	1.000000
1319	1247	1.000000
1320	1248	1.000000
2047	1248	1.000000
1321	1249	1.000000
2049	1249	1.000000
1322	1250	1.000000
2051	1250	1.000000
1323	1251	1.000000
1324	1252	1.000000
2036	1252	1.000000
1325	1253	1.000000
2038	1253	1.000000
1326	1254	1.000000
2041	1254	1.000000
1327	1255	1.000000
2042	1255	1.000000
1328	1256	1.000000
2007	1256	1.000000
1329	1257	1.000000
2004	1257	1.000000
1330	1258	1.000000
3507	1258	1.000000
1331	1259	1.000000
2003	1259	1.000000
1332	1260	1.000000
2002	1260	1.000000
1333	1261	1.000000
1996	1261	1.000000
1334	1262	1.000000
1993	1262	1.000000
2357	1262	1.000000
1335	1263	1.000000
1336	1264	1.000000
1992	1264	1.000000
1337	1265	1.000000
1989	1265	1.000000
1338	1266	1.000000
2015	1266	1.000000
1339	1267	1.000000
2014	1267	1.000000
1340	1268	1.000000
2013	1268	1.000000
1341	1269	1.000000
2012	1269	1.000000
1342	1270	1.000000
2011	1270	1.000000
1343	1271	1.000000
2010	1271	1.000000
1344	1272	1.000000
2009	1272	1.000000
1345	1273	1.000000
2008	1273	1.000000
1346	1274	1.000000
1967	1274	1.000000
1347	1275	1.000000
1968	1275	1.000000
1348	1276	1.000000
1962	1276	1.000000
1349	1277	1.000000
1964	1277	1.000000
1350	1278	1.000000
1618	1278	1.000000
1351	1279	1.000000
1959	1279	1.000000
1352	1280	1.000000
1960	1280	1.000000
1353	1281	1.000000
1955	1281	1.000000
1354	1282	1.000000
1985	1282	1.000000
1355	1283	1.000000
1957	1283	1.000000
1356	1284	1.000000
1981	1284	1.000000
4272	1284	1.000000
1357	1285	1.000000
1988	1285	1.000000
1358	1286	1.000000
1978	1286	1.000000
1359	1287	1.000000
1979	1287	1.000000
1360	1288	1.000000
1973	1288	1.000000
1361	1289	1.000000
1974	1289	1.000000
1363	1290	1.000000
1972	1290	1.000000
1365	1291	1.000000
1367	1292	1.000000
1370	1293	1.000000
1375	1294	1.000000
1377	1295	1.000000
1378	1296	1.000000
1414	1296	1.000000
3277	1296	1.000000
1379	1297	1.000000
1380	1298	1.000000
1489	1298	1.000000
1381	1299	1.000000
1382	1300	1.000000
1383	1301	1.000000
1384	1302	1.000000
1385	1303	1.000000
1386	1304	1.000000
1410	1304	1.000000
3239	1304	1.000000
1387	1305	1.000000
1388	1306	1.000000
1389	1307	1.000000
1390	1308	1.000000
1391	1309	1.000000
1392	1310	1.000000
1393	1311	1.000000
1394	1312	1.000000
1395	1313	1.000000
1396	1314	1.000000
1397	1315	1.000000
1398	1316	1.000000
1399	1317	1.000000
1400	1318	1.000000
1401	1319	1.000000
1402	1320	1.000000
3618	1320	1.000000
1403	1321	1.000000
1404	1322	1.000000
1405	1323	1.000000
1406	1324	1.000000
1445	1324	1.000000
1493	1324	1.000000
1408	1325	1.000000
1409	1326	1.000000
1411	1327	1.000000
1412	1328	1.000000
1413	1329	1.000000
1415	1330	1.000000
1416	1331	1.000000
1417	1332	1.000000
1418	1333	1.000000
1419	1334	1.000000
1420	1335	1.000000
1421	1336	1.000000
1422	1337	1.000000
1423	1338	1.000000
1424	1339	1.000000
1425	1340	1.000000
1426	1341	1.000000
1427	1342	1.000000
1428	1343	1.000000
3162	1343	1.000000
1430	1344	1.000000
1431	1345	1.000000
1432	1346	1.000000
1433	1347	1.000000
1434	1348	1.000000
1435	1348	1.000000
1463	1348	1.000000
2510	1348	1.000000
3127	1348	1.000000
3217	1348	1.000000
3229	1348	1.000000
4552	1348	1.000000
1436	1349	1.000000
1437	1350	1.000000
1438	1351	1.000000
1439	1352	1.000000
1440	1353	1.000000
1441	1354	1.000000
1442	1355	1.000000
1443	1356	1.000000
1444	1357	1.000000
1466	1357	1.000000
1446	1358	1.000000
1447	1359	1.000000
1448	1360	1.000000
1449	1361	1.000000
1450	1362	1.000000
1451	1363	1.000000
1452	1364	1.000000
1453	1365	1.000000
1454	1366	1.000000
1455	1367	1.000000
1456	1368	1.000000
1457	1369	1.000000
1458	1370	1.000000
1459	1371	1.000000
1460	1372	1.000000
3331	1372	1.000000
1461	1373	1.000000
1462	1374	1.000000
1464	1375	1.000000
1465	1376	1.000000
1502	1376	1.000000
3251	1376	1.000000
1467	1377	1.000000
1468	1378	1.000000
1469	1379	1.000000
1470	1380	1.000000
1471	1381	1.000000
3097	1381	1.000000
1472	1382	1.000000
1498	1382	1.000000
2915	1382	1.000000
2979	1382	1.000000
3015	1382	1.000000
3120	1382	1.000000
3149	1382	1.000000
1473	1383	1.000000
1474	1384	1.000000
1475	1385	1.000000
1476	1386	1.000000
1477	1387	1.000000
1478	1388	1.000000
1479	1389	1.000000
1480	1390	1.000000
1481	1391	1.000000
1484	1392	1.000000
1485	1393	1.000000
1486	1394	1.000000
1487	1395	1.000000
1488	1396	1.000000
1490	1397	1.000000
1491	1398	1.000000
1492	1399	1.000000
1494	1400	1.000000
1495	1401	1.000000
1496	1402	1.000000
1497	1403	1.000000
1499	1404	1.000000
1500	1405	1.000000
1501	1406	1.000000
1503	1407	1.000000
1504	1408	1.000000
3222	1408	1.000000
1506	1409	1.000000
1507	1410	1.000000
1510	1411	1.000000
2180	1411	1.000000
1511	1412	1.000000
1512	1413	1.000000
1518	1414	1.000000
1519	1415	1.000000
1524	1416	1.000000
1528	1417	1.000000
1538	1418	1.000000
1545	1419	1.000000
1547	1420	1.000000
1548	1421	1.000000
1550	1422	1.000000
1551	1423	1.000000
1552	1424	1.000000
1557	1425	1.000000
1560	1426	1.000000
1561	1427	1.000000
1853	1427	1.000000
1562	1428	1.000000
1564	1429	1.000000
1566	1430	1.000000
1568	1431	1.000000
1569	1432	1.000000
1570	1433	1.000000
1574	1434	1.000000
1577	1435	1.000000
1579	1436	1.000000
1580	1437	1.000000
1581	1438	1.000000
1585	1439	1.000000
1589	1440	1.000000
1590	1441	1.000000
1591	1442	1.000000
1596	1443	1.000000
1597	1444	1.000000
1600	1445	1.000000
1604	1446	1.000000
1609	1447	1.000000
1611	1448	1.000000
1617	1449	1.000000
1626	1450	1.000000
1632	1451	1.000000
1633	1452	1.000000
1634	1453	1.000000
1635	1454	1.000000
1642	1455	1.000000
1646	1456	1.000000
1647	1457	1.000000
1648	1458	1.000000
1649	1459	1.000000
1651	1460	1.000000
1657	1461	1.000000
1659	1462	1.000000
1662	1463	1.000000
1663	1464	1.000000
1665	1465	1.000000
1666	1466	1.000000
1667	1467	1.000000
1672	1468	1.000000
1673	1469	1.000000
1674	1470	1.000000
1676	1471	1.000000
1679	1472	1.000000
1683	1473	1.000000
1684	1474	1.000000
1685	1475	1.000000
1692	1476	1.000000
1693	1477	1.000000
1698	1478	1.000000
1702	1479	1.000000
1707	1480	1.000000
1708	1481	1.000000
1712	1482	1.000000
1723	1483	1.000000
1727	1484	1.000000
1728	1485	1.000000
1729	1486	1.000000
1734	1487	1.000000
1737	1488	1.000000
1739	1489	1.000000
1741	1490	1.000000
1742	1491	1.000000
1744	1492	1.000000
1752	1493	1.000000
1754	1494	1.000000
1756	1495	1.000000
1758	1496	1.000000
1759	1497	1.000000
1770	1498	1.000000
1772	1499	1.000000
1773	1500	1.000000
1780	1501	1.000000
1781	1502	1.000000
1783	1503	1.000000
1784	1504	1.000000
1787	1505	1.000000
1793	1506	1.000000
1795	1507	1.000000
1801	1508	1.000000
1807	1509	1.000000
1808	1510	1.000000
1809	1511	1.000000
1812	1512	1.000000
1813	1513	1.000000
1817	1514	1.000000
1818	1515	1.000000
1819	1516	1.000000
1823	1517	1.000000
1827	1518	1.000000
1828	1519	1.000000
1832	1520	1.000000
1833	1521	1.000000
1836	1522	1.000000
1837	1523	1.000000
1838	1524	1.000000
1839	1525	1.000000
1840	1526	1.000000
1842	1527	1.000000
1843	1528	1.000000
1845	1529	1.000000
1847	1530	1.000000
1848	1531	1.000000
1851	1532	1.000000
1852	1533	1.000000
1854	1534	1.000000
1862	1535	1.000000
1865	1536	1.000000
1866	1537	1.000000
1870	1538	1.000000
1871	1539	1.000000
1874	1540	1.000000
1875	1541	1.000000
1876	1542	1.000000
1878	1543	1.000000
1883	1544	1.000000
1884	1545	1.000000
1886	1546	1.000000
1888	1547	1.000000
1889	1548	1.000000
1890	1549	1.000000
1892	1550	1.000000
1893	1551	1.000000
1894	1552	1.000000
1903	1553	1.000000
1907	1554	1.000000
1916	1555	1.000000
1921	1556	1.000000
1928	1557	1.000000
1932	1558	1.000000
1933	1559	1.000000
1934	1560	1.000000
1936	1561	1.000000
1942	1562	1.000000
1945	1563	1.000000
1946	1564	1.000000
1947	1565	1.000000
1951	1566	1.000000
1952	1567	1.000000
1953	1568	1.000000
2187	1568	1.000000
1956	1569	1.000000
1958	1570	1.000000
1961	1571	1.000000
1963	1572	1.000000
1965	1573	1.000000
1966	1574	1.000000
1971	1575	1.000000
1975	1576	1.000000
1976	1577	1.000000
1982	1578	1.000000
1983	1579	1.000000
1984	1580	1.000000
1986	1581	1.000000
1987	1582	1.000000
1990	1583	1.000000
1991	1584	1.000000
1994	1585	1.000000
1995	1586	1.000000
1997	1587	1.000000
1998	1588	1.000000
1999	1589	1.000000
2000	1590	1.000000
2001	1591	1.000000
2005	1592	1.000000
2006	1593	1.000000
2017	1594	1.000000
2019	1595	1.000000
2021	1596	1.000000
2024	1597	1.000000
2025	1598	1.000000
2030	1599	1.000000
2031	1600	1.000000
2032	1601	1.000000
2033	1602	1.000000
2034	1603	1.000000
2037	1604	1.000000
2039	1605	1.000000
2040	1606	1.000000
2044	1607	1.000000
2045	1608	1.000000
2046	1609	1.000000
2048	1610	1.000000
2050	1611	1.000000
2052	1612	1.000000
2054	1613	1.000000
2057	1614	1.000000
2058	1615	1.000000
2059	1616	1.000000
2060	1617	1.000000
2063	1618	1.000000
2068	1619	1.000000
2070	1620	1.000000
2072	1621	1.000000
2074	1622	1.000000
2075	1623	1.000000
2078	1624	1.000000
2079	1625	1.000000
2082	1626	1.000000
2083	1627	1.000000
2084	1628	1.000000
2085	1629	1.000000
2086	1630	1.000000
2087	1631	1.000000
2088	1632	1.000000
2089	1633	1.000000
2090	1634	1.000000
2091	1635	1.000000
2092	1636	1.000000
2093	1637	1.000000
2094	1638	1.000000
2095	1639	1.000000
2096	1640	1.000000
2097	1641	1.000000
2098	1642	1.000000
2099	1643	1.000000
2100	1644	1.000000
2102	1645	1.000000
2103	1646	1.000000
2104	1647	1.000000
2106	1648	1.000000
2108	1649	1.000000
2110	1650	1.000000
2112	1651	1.000000
2113	1652	1.000000
2115	1653	1.000000
2116	1654	1.000000
2120	1655	1.000000
2140	1656	1.000000
2142	1657	1.000000
2145	1658	1.000000
2148	1659	1.000000
2149	1660	1.000000
2151	1661	1.000000
2152	1662	1.000000
2153	1663	1.000000
2161	1664	1.000000
2163	1665	1.000000
2169	1666	1.000000
2175	1667	1.000000
2176	1668	1.000000
2178	1669	1.000000
2182	1670	1.000000
2184	1671	1.000000
2188	1672	1.000000
2190	1673	1.000000
2191	1674	1.000000
2193	1675	1.000000
2195	1676	1.000000
2197	1677	1.000000
2203	1678	1.000000
2205	1679	1.000000
2208	1680	1.000000
2210	1681	1.000000
2211	1682	1.000000
2212	1683	1.000000
2216	1684	1.000000
2217	1685	1.000000
2218	1686	1.000000
2219	1687	1.000000
2220	1688	1.000000
2222	1689	1.000000
2223	1690	1.000000
2224	1691	1.000000
2226	1692	1.000000
2227	1693	1.000000
2228	1694	1.000000
2229	1695	1.000000
2230	1696	1.000000
2231	1697	1.000000
2234	1698	1.000000
2236	1699	1.000000
2237	1700	1.000000
2241	1701	1.000000
2243	1702	1.000000
2245	1703	1.000000
2246	1704	1.000000
2247	1705	1.000000
2248	1706	1.000000
2249	1707	1.000000
2250	1708	1.000000
2252	1709	1.000000
2265	1710	1.000000
2267	1711	1.000000
2275	1712	1.000000
2283	1713	1.000000
2301	1714	1.000000
2311	1715	1.000000
2315	1716	1.000000
2321	1717	1.000000
2324	1718	1.000000
2325	1719	1.000000
2338	1720	1.000000
2341	1721	1.000000
2343	1722	1.000000
2345	1723	1.000000
2346	1724	1.000000
2348	1725	1.000000
2363	1726	1.000000
2364	1727	1.000000
2365	1728	1.000000
2366	1729	1.000000
2367	1730	1.000000
2368	1731	1.000000
2369	1732	1.000000
2370	1733	1.000000
2371	1734	1.000000
2372	1735	1.000000
2373	1736	1.000000
2374	1737	1.000000
2375	1738	1.000000
2376	1739	1.000000
2377	1740	1.000000
2378	1741	1.000000
2379	1742	1.000000
2380	1743	1.000000
2381	1744	1.000000
2382	1745	1.000000
2383	1746	1.000000
2384	1747	1.000000
2385	1748	1.000000
2386	1749	1.000000
2387	1750	1.000000
2389	1751	1.000000
2398	1752	1.000000
2400	1753	1.000000
2401	1754	1.000000
2405	1755	1.000000
2407	1756	1.000000
2409	1757	1.000000
2410	1758	1.000000
2789	1758	1.000000
2411	1759	1.000000
2413	1760	1.000000
2414	1761	1.000000
2415	1762	1.000000
2417	1763	1.000000
2418	1764	1.000000
2419	1765	1.000000
2420	1766	1.000000
2422	1767	1.000000
2427	1768	1.000000
2440	1768	1.000000
2428	1769	1.000000
2431	1770	1.000000
2433	1771	1.000000
2434	1772	1.000000
2435	1773	1.000000
2436	1774	1.000000
2437	1775	1.000000
2438	1776	1.000000
2439	1777	1.000000
2441	1778	1.000000
2448	1779	1.000000
2451	1780	1.000000
2455	1781	1.000000
2456	1782	1.000000
2457	1783	1.000000
2458	1784	1.000000
2459	1785	1.000000
2460	1786	1.000000
2461	1787	1.000000
2462	1788	1.000000
2463	1789	1.000000
2464	1790	1.000000
2465	1791	1.000000
2466	1792	1.000000
2467	1793	1.000000
2468	1794	1.000000
2469	1795	1.000000
2470	1796	1.000000
2471	1797	1.000000
2472	1798	1.000000
2473	1799	1.000000
2474	1800	1.000000
2475	1801	1.000000
2476	1802	1.000000
2477	1803	1.000000
2478	1804	1.000000
2479	1805	1.000000
2480	1806	1.000000
2481	1807	1.000000
2482	1808	1.000000
2483	1809	1.000000
2695	1809	1.000000
2825	1809	1.000000
2484	1810	1.000000
2485	1811	1.000000
2487	1812	1.000000
2488	1813	1.000000
2490	1814	1.000000
2491	1815	1.000000
2492	1816	1.000000
2493	1817	1.000000
2494	1818	1.000000
2495	1819	1.000000
2496	1820	1.000000
2497	1821	1.000000
2498	1822	1.000000
2499	1823	1.000000
2515	1823	1.000000
4441	1823	1.000000
4502	1823	1.000000
2500	1824	1.000000
2501	1825	1.000000
2502	1826	1.000000
2503	1827	1.000000
2504	1828	1.000000
2505	1829	1.000000
2507	1829	1.000000
2506	1830	1.000000
2508	1831	1.000000
2509	1832	1.000000
2511	1833	1.000000
2512	1834	1.000000
2513	1835	1.000000
2514	1836	1.000000
2516	1837	1.000000
2517	1838	1.000000
2518	1839	1.000000
2519	1840	1.000000
2520	1841	1.000000
2521	1842	1.000000
2522	1843	1.000000
2523	1844	1.000000
2524	1845	1.000000
2525	1846	1.000000
2526	1847	1.000000
2527	1848	1.000000
2528	1849	1.000000
2529	1850	1.000000
2530	1851	1.000000
2531	1852	1.000000
2532	1853	1.000000
2533	1854	1.000000
2534	1855	1.000000
2535	1856	1.000000
2536	1857	1.000000
2537	1858	1.000000
2538	1859	1.000000
2539	1860	1.000000
2540	1861	1.000000
2541	1862	1.000000
2542	1863	1.000000
2543	1864	1.000000
2544	1865	1.000000
2545	1866	1.000000
2546	1867	1.000000
2547	1868	1.000000
2548	1869	1.000000
2549	1870	1.000000
2550	1871	1.000000
2551	1872	1.000000
2552	1873	1.000000
2553	1874	1.000000
2554	1875	1.000000
2555	1876	1.000000
2556	1877	1.000000
2557	1878	1.000000
2558	1879	1.000000
2559	1880	1.000000
2560	1881	1.000000
2561	1882	1.000000
2562	1883	1.000000
2563	1884	1.000000
2564	1885	1.000000
2565	1886	1.000000
2566	1887	1.000000
2567	1888	1.000000
2568	1889	1.000000
2569	1890	1.000000
2570	1891	1.000000
2571	1892	1.000000
2572	1893	1.000000
2573	1894	1.000000
2588	1894	1.000000
2599	1894	1.000000
2627	1894	1.000000
2574	1895	1.000000
2575	1896	1.000000
2576	1897	1.000000
2577	1898	1.000000
2578	1899	1.000000
2617	1899	1.000000
2629	1899	1.000000
2671	1899	1.000000
2675	1899	1.000000
2714	1899	1.000000
2731	1899	1.000000
2766	1899	1.000000
2579	1900	1.000000
2581	1901	1.000000
2582	1902	1.000000
2583	1903	1.000000
2584	1904	1.000000
2585	1905	1.000000
2586	1906	1.000000
2587	1907	1.000000
2589	1908	1.000000
2590	1909	1.000000
2591	1910	1.000000
2592	1911	1.000000
2593	1912	1.000000
2594	1913	1.000000
2595	1914	1.000000
2596	1915	1.000000
2597	1916	1.000000
2598	1917	1.000000
2600	1918	1.000000
2602	1919	1.000000
2611	1919	1.000000
2822	1919	1.000000
2823	1919	1.000000
2603	1920	1.000000
2604	1921	1.000000
2606	1922	1.000000
2607	1923	1.000000
2608	1924	1.000000
2609	1925	1.000000
2610	1926	1.000000
2612	1927	1.000000
2613	1928	1.000000
2614	1929	1.000000
2615	1930	1.000000
2616	1931	1.000000
2618	1932	1.000000
2619	1933	1.000000
2620	1934	1.000000
2621	1935	1.000000
2622	1936	1.000000
2623	1937	1.000000
2624	1938	1.000000
2625	1939	1.000000
2626	1940	1.000000
2628	1941	1.000000
2630	1942	1.000000
2631	1943	1.000000
2632	1944	1.000000
2633	1945	1.000000
2634	1946	1.000000
2635	1947	1.000000
2679	1947	1.000000
2636	1948	1.000000
2637	1949	1.000000
2638	1950	1.000000
2639	1951	1.000000
2640	1952	1.000000
2641	1953	1.000000
2642	1954	1.000000
2643	1955	1.000000
2644	1956	1.000000
2645	1957	1.000000
2646	1958	1.000000
2647	1959	1.000000
2648	1960	1.000000
2649	1961	1.000000
2650	1962	1.000000
2651	1963	1.000000
2652	1964	1.000000
2653	1965	1.000000
2654	1966	1.000000
2655	1967	1.000000
2656	1968	1.000000
2657	1969	1.000000
2658	1970	1.000000
2659	1971	1.000000
2660	1972	1.000000
2661	1973	1.000000
2662	1974	1.000000
2663	1975	1.000000
2664	1976	1.000000
2665	1977	1.000000
2666	1978	1.000000
2667	1979	1.000000
2668	1980	1.000000
2669	1981	1.000000
2670	1982	1.000000
2672	1983	1.000000
2673	1984	1.000000
2674	1985	1.000000
2676	1986	1.000000
2677	1987	1.000000
2678	1988	1.000000
2680	1989	1.000000
2681	1990	1.000000
2682	1991	1.000000
2683	1992	1.000000
2684	1993	1.000000
2685	1994	1.000000
2686	1995	1.000000
2687	1996	1.000000
2688	1997	1.000000
2689	1998	1.000000
2690	1999	1.000000
2691	2000	1.000000
2692	2001	1.000000
2693	2002	1.000000
2694	2003	1.000000
2696	2004	1.000000
2697	2005	1.000000
2698	2006	1.000000
2699	2007	1.000000
2700	2008	1.000000
2701	2009	1.000000
2702	2010	1.000000
2703	2011	1.000000
2704	2012	1.000000
2705	2013	1.000000
2707	2014	1.000000
2709	2015	1.000000
2710	2016	1.000000
2712	2017	1.000000
2713	2018	1.000000
2716	2019	1.000000
2717	2020	1.000000
2718	2021	1.000000
2719	2022	1.000000
2720	2023	1.000000
2721	2024	1.000000
2722	2025	1.000000
2723	2026	1.000000
2725	2027	1.000000
2727	2028	1.000000
2728	2029	1.000000
2729	2030	1.000000
2730	2031	1.000000
2733	2032	1.000000
2735	2033	1.000000
2737	2034	1.000000
2738	2035	1.000000
2739	2036	1.000000
2740	2037	1.000000
2741	2038	1.000000
2742	2039	1.000000
2743	2040	1.000000
2744	2041	1.000000
2745	2042	1.000000
2746	2043	1.000000
2747	2044	1.000000
2748	2045	1.000000
2749	2046	1.000000
2750	2047	1.000000
2751	2048	1.000000
2752	2049	1.000000
2753	2050	1.000000
2754	2051	1.000000
2755	2052	1.000000
2756	2053	1.000000
2757	2054	1.000000
2758	2055	1.000000
2759	2056	1.000000
2760	2057	1.000000
2761	2058	1.000000
2762	2059	1.000000
2763	2060	1.000000
2764	2061	1.000000
2767	2062	1.000000
2768	2063	1.000000
2769	2064	1.000000
2770	2065	1.000000
2771	2066	1.000000
2772	2067	1.000000
2774	2068	1.000000
2775	2069	1.000000
2776	2070	1.000000
2777	2071	1.000000
2778	2072	1.000000
2779	2073	1.000000
2780	2074	1.000000
2781	2075	1.000000
2783	2076	1.000000
2785	2077	1.000000
2786	2078	1.000000
2787	2079	1.000000
2788	2080	1.000000
2790	2081	1.000000
2792	2082	1.000000
2793	2083	1.000000
2794	2084	1.000000
2796	2085	1.000000
2800	2086	1.000000
2802	2087	1.000000
2806	2088	1.000000
2808	2089	1.000000
2810	2090	1.000000
2814	2091	1.000000
2815	2092	1.000000
2816	2093	1.000000
2817	2094	1.000000
2818	2095	1.000000
2819	2096	1.000000
2820	2097	1.000000
2821	2098	1.000000
2824	2099	1.000000
2826	2100	1.000000
2827	2101	1.000000
2828	2102	1.000000
2829	2103	1.000000
2830	2104	1.000000
2831	2105	1.000000
2832	2106	1.000000
2833	2107	1.000000
2835	2108	1.000000
2837	2109	1.000000
2838	2110	1.000000
2840	2111	1.000000
2841	2112	1.000000
2842	2113	1.000000
2843	2114	1.000000
3890	2114	1.000000
2844	2115	1.000000
2846	2116	1.000000
2847	2117	1.000000
2852	2118	1.000000
2853	2119	1.000000
2859	2120	1.000000
2862	2121	1.000000
2863	2122	1.000000
2864	2123	1.000000
2871	2124	1.000000
2873	2125	1.000000
2875	2126	1.000000
2879	2127	1.000000
2885	2128	1.000000
2886	2129	1.000000
2887	2130	1.000000
2890	2131	1.000000
2891	2132	1.000000
2894	2133	1.000000
2896	2134	1.000000
2897	2135	1.000000
2899	2136	1.000000
2900	2137	1.000000
2903	2138	1.000000
2904	2139	1.000000
2905	2140	1.000000
2908	2141	1.000000
2910	2142	1.000000
2913	2143	1.000000
2916	2144	1.000000
2917	2145	1.000000
2918	2146	1.000000
2920	2147	1.000000
2922	2148	1.000000
2923	2149	1.000000
2924	2150	1.000000
2926	2151	1.000000
2927	2152	1.000000
2932	2153	1.000000
2934	2154	1.000000
2935	2155	1.000000
2936	2156	1.000000
2937	2157	1.000000
2939	2158	1.000000
2941	2159	1.000000
2945	2160	1.000000
2946	2161	1.000000
2951	2162	1.000000
2952	2163	1.000000
2953	2164	1.000000
2954	2165	1.000000
2955	2166	1.000000
2959	2167	1.000000
2960	2168	1.000000
2962	2169	1.000000
2965	2170	1.000000
2967	2171	1.000000
2968	2172	1.000000
2969	2173	1.000000
2972	2174	1.000000
2974	2175	1.000000
2975	2176	1.000000
2977	2177	1.000000
2978	2178	1.000000
2981	2179	1.000000
2982	2180	1.000000
2983	2181	1.000000
2984	2182	1.000000
2985	2183	1.000000
2987	2184	1.000000
2988	2185	1.000000
2990	2186	1.000000
2992	2187	1.000000
2995	2188	1.000000
2996	2189	1.000000
2998	2190	1.000000
2999	2191	1.000000
3000	2192	1.000000
3002	2193	1.000000
3003	2194	1.000000
3005	2195	1.000000
3006	2196	1.000000
3009	2197	1.000000
3011	2198	1.000000
3013	2199	1.000000
3014	2200	1.000000
3017	2201	1.000000
3018	2202	1.000000
3021	2203	1.000000
3022	2204	1.000000
3024	2205	1.000000
3025	2206	1.000000
3026	2207	1.000000
3028	2208	1.000000
3029	2209	1.000000
3030	2210	1.000000
3032	2211	1.000000
3033	2212	1.000000
3035	2213	1.000000
3036	2214	1.000000
3037	2215	1.000000
3038	2216	1.000000
3039	2217	1.000000
3041	2218	1.000000
3042	2219	1.000000
3043	2220	1.000000
3046	2221	1.000000
3050	2222	1.000000
3052	2223	1.000000
3055	2224	1.000000
3057	2225	1.000000
3058	2226	1.000000
3061	2227	1.000000
3063	2228	1.000000
3064	2229	1.000000
3065	2230	1.000000
3066	2231	1.000000
3067	2232	1.000000
3068	2233	1.000000
3069	2234	1.000000
3070	2235	1.000000
3071	2236	1.000000
3072	2237	1.000000
3073	2238	1.000000
3074	2239	1.000000
3075	2240	1.000000
3077	2241	1.000000
3078	2242	1.000000
3079	2243	1.000000
3080	2244	1.000000
3082	2245	1.000000
3083	2246	1.000000
3084	2247	1.000000
3085	2248	1.000000
3086	2249	1.000000
3087	2250	1.000000
3089	2251	1.000000
3090	2252	1.000000
3091	2253	1.000000
3093	2254	1.000000
3094	2255	1.000000
3095	2256	1.000000
3096	2257	1.000000
3098	2258	1.000000
3099	2259	1.000000
3100	2260	1.000000
3101	2261	1.000000
3102	2262	1.000000
3103	2263	1.000000
3105	2264	1.000000
3106	2265	1.000000
3107	2266	1.000000
3108	2267	1.000000
3109	2268	1.000000
3110	2269	1.000000
3111	2270	1.000000
3112	2271	1.000000
3115	2271	1.000000
3113	2272	1.000000
3114	2273	1.000000
3116	2274	1.000000
3777	2274	1.000000
3117	2275	1.000000
3119	2276	1.000000
3121	2277	1.000000
3122	2278	1.000000
3123	2279	1.000000
3124	2280	1.000000
3125	2281	1.000000
3129	2281	1.000000
3126	2282	1.000000
3128	2283	1.000000
3130	2284	1.000000
3131	2285	1.000000
3133	2286	1.000000
3134	2287	1.000000
3136	2288	1.000000
3137	2289	1.000000
3139	2290	1.000000
3140	2291	1.000000
3141	2292	1.000000
3142	2293	1.000000
3143	2294	1.000000
3144	2295	1.000000
3145	2296	1.000000
3146	2297	1.000000
3147	2298	1.000000
3150	2299	1.000000
3151	2300	1.000000
3152	2301	1.000000
3153	2302	1.000000
3155	2303	1.000000
3156	2304	1.000000
3157	2305	1.000000
3159	2306	1.000000
3160	2307	1.000000
3161	2308	1.000000
3163	2309	1.000000
3164	2310	1.000000
3165	2311	1.000000
3166	2312	1.000000
3167	2313	1.000000
3168	2314	1.000000
3169	2315	1.000000
3170	2316	1.000000
3171	2317	1.000000
3173	2318	1.000000
3174	2319	1.000000
3175	2320	1.000000
3176	2321	1.000000
3177	2322	1.000000
3178	2323	1.000000
3179	2324	1.000000
3181	2325	1.000000
3202	2325	1.000000
3183	2326	1.000000
3185	2327	1.000000
3186	2328	1.000000
3187	2329	1.000000
3188	2330	1.000000
3190	2331	1.000000
3191	2332	1.000000
3192	2333	1.000000
3193	2334	1.000000
3195	2335	1.000000
3196	2336	1.000000
3197	2337	1.000000
3198	2338	1.000000
3199	2339	1.000000
3200	2340	1.000000
3203	2341	1.000000
3204	2342	1.000000
3205	2343	1.000000
3206	2344	1.000000
3207	2345	1.000000
3208	2346	1.000000
3209	2347	1.000000
3210	2348	1.000000
3211	2349	1.000000
3212	2350	1.000000
3213	2351	1.000000
3214	2352	1.000000
3215	2353	1.000000
3218	2354	1.000000
3219	2355	1.000000
3220	2356	1.000000
3221	2357	1.000000
3223	2358	1.000000
3224	2359	1.000000
3225	2360	1.000000
3226	2361	1.000000
3227	2362	1.000000
3228	2363	1.000000
3230	2364	1.000000
3231	2365	1.000000
3233	2366	1.000000
3234	2367	1.000000
3235	2368	1.000000
3236	2369	1.000000
3237	2370	1.000000
3238	2371	1.000000
3240	2372	1.000000
3241	2373	1.000000
3244	2374	1.000000
3246	2375	1.000000
3247	2376	1.000000
3248	2377	1.000000
3249	2378	1.000000
3250	2379	1.000000
3252	2380	1.000000
3253	2381	1.000000
3636	2381	1.000000
3255	2382	1.000000
3256	2383	1.000000
3257	2384	1.000000
3258	2385	1.000000
3259	2386	1.000000
3260	2387	1.000000
3261	2388	1.000000
3262	2389	1.000000
3263	2390	1.000000
3265	2391	1.000000
3266	2392	1.000000
3267	2393	1.000000
3268	2394	1.000000
3270	2395	1.000000
3271	2396	1.000000
3272	2397	1.000000
3273	2398	1.000000
3274	2399	1.000000
3275	2400	1.000000
3276	2401	1.000000
3278	2402	1.000000
3279	2403	1.000000
3280	2404	1.000000
3281	2405	1.000000
3282	2406	1.000000
3283	2407	1.000000
3284	2408	1.000000
3286	2409	1.000000
3288	2410	1.000000
3289	2411	1.000000
3291	2412	1.000000
3293	2413	1.000000
3294	2414	1.000000
3295	2415	1.000000
3296	2416	1.000000
3297	2417	1.000000
3298	2418	1.000000
3299	2419	1.000000
3301	2420	1.000000
3302	2421	1.000000
3303	2422	1.000000
3304	2423	1.000000
3305	2424	1.000000
3306	2425	1.000000
3307	2426	1.000000
3308	2427	1.000000
3309	2428	1.000000
3310	2429	1.000000
3311	2430	1.000000
3312	2431	1.000000
3314	2432	1.000000
3315	2433	1.000000
3316	2434	1.000000
3318	2435	1.000000
3320	2436	1.000000
3321	2437	1.000000
3322	2438	1.000000
3323	2439	1.000000
3324	2440	1.000000
3326	2441	1.000000
3327	2442	1.000000
3328	2443	1.000000
3329	2444	1.000000
3332	2445	1.000000
3333	2446	1.000000
3335	2447	1.000000
3336	2448	1.000000
3337	2449	1.000000
3338	2450	1.000000
3339	2451	1.000000
3341	2452	1.000000
3342	2453	1.000000
3362	2453	1.000000
3363	2453	1.000000
3345	2454	1.000000
3350	2455	1.000000
3351	2456	1.000000
3352	2457	1.000000
3353	2458	1.000000
3354	2459	1.000000
3355	2460	1.000000
3356	2461	1.000000
3357	2462	1.000000
3358	2463	1.000000
3359	2464	1.000000
3360	2465	1.000000
3361	2466	1.000000
3365	2467	1.000000
3367	2468	1.000000
3369	2469	1.000000
3371	2470	1.000000
3374	2471	1.000000
3376	2472	1.000000
3381	2472	1.000000
3386	2472	1.000000
3399	2472	1.000000
3377	2473	1.000000
3378	2474	1.000000
3379	2475	1.000000
3383	2476	1.000000
3384	2477	1.000000
3385	2478	1.000000
3388	2479	1.000000
3389	2480	1.000000
3390	2481	1.000000
3392	2482	1.000000
3394	2483	1.000000
3397	2484	1.000000
3398	2485	1.000000
3402	2486	1.000000
3404	2487	1.000000
3406	2488	1.000000
3408	2489	1.000000
3409	2490	1.000000
3411	2491	1.000000
3423	2492	1.000000
3425	2493	1.000000
3428	2494	1.000000
3429	2495	1.000000
3435	2496	1.000000
3437	2497	1.000000
3439	2498	1.000000
3443	2499	1.000000
3444	2500	1.000000
3445	2501	1.000000
3447	2502	1.000000
3449	2503	1.000000
3450	2504	1.000000
3451	2505	1.000000
3452	2506	1.000000
3453	2507	1.000000
3455	2508	1.000000
3458	2509	1.000000
3461	2510	1.000000
3462	2511	1.000000
3466	2512	1.000000
3468	2513	1.000000
3471	2514	1.000000
3474	2515	1.000000
3482	2516	1.000000
3484	2517	1.000000
3487	2518	1.000000
3492	2519	1.000000
3494	2520	1.000000
3503	2521	1.000000
3504	2522	1.000000
3505	2523	1.000000
3506	2524	1.000000
3508	2525	1.000000
3512	2526	1.000000
3515	2527	1.000000
3516	2528	1.000000
3524	2529	1.000000
3530	2530	1.000000
3532	2531	1.000000
3534	2532	1.000000
3538	2533	1.000000
3542	2534	1.000000
3548	2535	1.000000
3549	2536	1.000000
3551	2537	1.000000
3554	2538	1.000000
3555	2539	1.000000
3566	2540	1.000000
3569	2541	1.000000
3571	2542	1.000000
3572	2543	1.000000
3576	2544	1.000000
3577	2545	1.000000
3580	2546	1.000000
3582	2547	1.000000
3584	2548	1.000000
3585	2549	1.000000
3587	2550	1.000000
3589	2551	1.000000
3590	2552	1.000000
3592	2553	1.000000
3593	2554	1.000000
3594	2555	1.000000
3595	2556	1.000000
3596	2557	1.000000
3599	2558	1.000000
3601	2559	1.000000
3605	2559	1.000000
3608	2559	1.000000
3982	2559	1.000000
3604	2560	1.000000
3609	2561	1.000000
3612	2562	1.000000
3614	2563	1.000000
3615	2564	1.000000
3616	2565	1.000000
3620	2566	1.000000
3622	2567	1.000000
3623	2568	1.000000
3624	2569	1.000000
3626	2570	1.000000
3630	2571	1.000000
3631	2572	1.000000
3632	2573	1.000000
3634	2574	1.000000
3635	2575	1.000000
3639	2576	1.000000
3641	2577	1.000000
4060	2577	1.000000
4271	2577	1.000000
3642	2578	1.000000
3643	2579	1.000000
3644	2580	1.000000
3645	2581	1.000000
3650	2582	1.000000
3654	2583	1.000000
3657	2584	1.000000
3658	2585	1.000000
3884	2585	1.000000
3659	2586	1.000000
3661	2587	1.000000
3662	2588	1.000000
3664	2589	1.000000
3667	2590	1.000000
3668	2591	1.000000
3669	2592	1.000000
3670	2593	1.000000
3675	2594	1.000000
3676	2595	1.000000
3679	2596	1.000000
3681	2597	1.000000
3683	2598	1.000000
3685	2599	1.000000
3686	2600	1.000000
3688	2601	1.000000
3690	2602	1.000000
3694	2603	1.000000
3695	2604	1.000000
3696	2605	1.000000
3699	2606	1.000000
3706	2607	1.000000
3708	2608	1.000000
3709	2609	1.000000
3710	2610	1.000000
3713	2611	1.000000
3715	2612	1.000000
3717	2613	1.000000
3719	2614	1.000000
3721	2615	1.000000
3725	2616	1.000000
3730	2617	1.000000
3732	2618	1.000000
3734	2619	1.000000
3735	2620	1.000000
3740	2621	1.000000
3742	2622	1.000000
3744	2623	1.000000
3745	2624	1.000000
3749	2625	1.000000
3751	2626	1.000000
3754	2627	1.000000
3756	2628	1.000000
3758	2629	1.000000
3760	2630	1.000000
3761	2631	1.000000
3762	2632	1.000000
3767	2633	1.000000
3769	2634	1.000000
3770	2635	1.000000
3771	2636	1.000000
3772	2637	1.000000
3773	2638	1.000000
3774	2639	1.000000
3775	2640	1.000000
3776	2641	1.000000
3778	2642	1.000000
3780	2643	1.000000
3781	2644	1.000000
3783	2645	1.000000
3788	2646	1.000000
3792	2647	1.000000
3794	2648	1.000000
3797	2649	1.000000
3800	2650	1.000000
3801	2651	1.000000
3803	2652	1.000000
3805	2653	1.000000
3807	2654	1.000000
3812	2655	1.000000
3813	2656	1.000000
3814	2657	1.000000
3815	2658	1.000000
3817	2659	1.000000
3818	2660	1.000000
3820	2661	1.000000
3825	2662	1.000000
3828	2663	1.000000
3831	2664	1.000000
3833	2665	1.000000
3838	2666	1.000000
3842	2667	1.000000
3843	2668	1.000000
3847	2668	1.000000
4406	2668	1.000000
3850	2669	1.000000
3851	2670	1.000000
3853	2671	1.000000
3861	2672	1.000000
3862	2673	1.000000
3863	2674	1.000000
3864	2675	1.000000
3868	2676	1.000000
3872	2677	1.000000
3873	2678	1.000000
3875	2679	1.000000
3878	2680	1.000000
3879	2681	1.000000
3883	2682	1.000000
3886	2683	1.000000
3889	2684	1.000000
3892	2685	1.000000
3895	2686	1.000000
3897	2687	1.000000
3898	2688	1.000000
3899	2689	1.000000
3900	2689	1.000000
3901	2690	1.000000
3906	2691	1.000000
3948	2692	1.000000
3953	2693	1.000000
3954	2694	1.000000
3955	2695	1.000000
3959	2696	1.000000
3960	2697	1.000000
3965	2698	1.000000
3968	2699	1.000000
3972	2700	1.000000
3974	2701	1.000000
3975	2702	1.000000
3976	2703	1.000000
3977	2704	1.000000
3978	2705	1.000000
3979	2706	1.000000
3980	2707	1.000000
3989	2708	1.000000
3990	2709	1.000000
3993	2710	1.000000
3995	2711	1.000000
3997	2712	1.000000
3999	2713	1.000000
4001	2714	1.000000
4003	2715	1.000000
4005	2716	1.000000
4007	2717	1.000000
4009	2718	1.000000
4010	2719	1.000000
4011	2720	1.000000
4012	2721	1.000000
4014	2722	1.000000
4015	2723	1.000000
4016	2724	1.000000
4017	2725	1.000000
4019	2726	1.000000
4020	2727	1.000000
4021	2728	1.000000
4022	2729	1.000000
4023	2730	1.000000
4025	2731	1.000000
4026	2732	1.000000
4027	2733	1.000000
4028	2734	1.000000
4029	2735	1.000000
4030	2736	1.000000
4031	2737	1.000000
4032	2738	1.000000
4033	2739	1.000000
4035	2740	1.000000
4036	2741	1.000000
4170	2741	1.000000
4037	2742	1.000000
4038	2743	1.000000
4041	2744	1.000000
4042	2745	1.000000
4043	2746	1.000000
4048	2747	1.000000
4049	2748	1.000000
4050	2749	1.000000
4051	2750	1.000000
4054	2751	1.000000
4055	2752	1.000000
4056	2753	1.000000
4057	2754	1.000000
4058	2755	1.000000
4059	2756	1.000000
4061	2757	1.000000
4062	2758	1.000000
4063	2759	1.000000
4065	2760	1.000000
4066	2761	1.000000
4067	2762	1.000000
4287	2762	1.000000
4068	2763	1.000000
4069	2764	1.000000
4070	2765	1.000000
4071	2766	1.000000
4072	2767	1.000000
4073	2768	1.000000
4074	2769	1.000000
4075	2770	1.000000
4076	2771	1.000000
4077	2772	1.000000
4079	2773	1.000000
4080	2774	1.000000
4081	2775	1.000000
4082	2776	1.000000
4083	2777	1.000000
4084	2778	1.000000
4085	2779	1.000000
4086	2780	1.000000
4087	2781	1.000000
4088	2782	1.000000
4089	2783	1.000000
4090	2784	1.000000
4091	2785	1.000000
4092	2786	1.000000
4093	2787	1.000000
4094	2788	1.000000
4095	2789	1.000000
4096	2790	1.000000
4097	2791	1.000000
4098	2792	1.000000
4099	2793	1.000000
4100	2794	1.000000
4101	2795	1.000000
4102	2796	1.000000
4104	2797	1.000000
4105	2798	1.000000
4106	2799	1.000000
4107	2800	1.000000
4109	2801	1.000000
4110	2802	1.000000
4111	2803	1.000000
4112	2804	1.000000
4113	2805	1.000000
4114	2806	1.000000
4115	2807	1.000000
4117	2808	1.000000
4118	2809	1.000000
4128	2809	1.000000
4124	2810	1.000000
4125	2811	1.000000
4127	2812	1.000000
4135	2813	1.000000
4136	2814	1.000000
4138	2815	1.000000
4140	2816	1.000000
4153	2817	1.000000
4154	2818	1.000000
4157	2819	1.000000
4158	2820	1.000000
4159	2821	1.000000
4160	2822	1.000000
4164	2823	1.000000
4165	2824	1.000000
4172	2825	1.000000
4173	2826	1.000000
4174	2827	1.000000
4177	2828	1.000000
4178	2829	1.000000
4183	2830	1.000000
4187	2831	1.000000
4188	2832	1.000000
4189	2833	1.000000
4193	2834	1.000000
4195	2835	1.000000
4196	2836	1.000000
4197	2837	1.000000
4198	2838	1.000000
4204	2839	1.000000
4208	2840	1.000000
4223	2841	1.000000
4227	2842	1.000000
4232	2843	1.000000
4234	2844	1.000000
4240	2845	1.000000
4242	2846	1.000000
4243	2847	1.000000
4244	2848	1.000000
4246	2849	1.000000
4247	2850	1.000000
4248	2851	1.000000
4249	2852	1.000000
4250	2853	1.000000
4251	2854	1.000000
4252	2855	1.000000
4253	2856	1.000000
4255	2857	1.000000
4256	2858	1.000000
4258	2859	1.000000
4259	2860	1.000000
4260	2861	1.000000
4261	2862	1.000000
4262	2863	1.000000
4263	2864	1.000000
4264	2865	1.000000
4265	2866	1.000000
4266	2867	1.000000
4267	2868	1.000000
4268	2869	1.000000
4269	2870	1.000000
4274	2871	1.000000
4276	2872	1.000000
4277	2873	1.000000
4279	2874	1.000000
4280	2875	1.000000
4281	2876	1.000000
4282	2877	1.000000
4283	2878	1.000000
4285	2879	1.000000
4288	2880	1.000000
4289	2881	1.000000
4293	2882	1.000000
4294	2883	1.000000
4296	2884	1.000000
4302	2885	1.000000
4303	2886	1.000000
4304	2887	1.000000
4306	2888	1.000000
4307	2889	1.000000
4308	2890	1.000000
4309	2891	1.000000
4310	2892	1.000000
4311	2893	1.000000
4312	2894	1.000000
4313	2895	1.000000
4314	2896	1.000000
4315	2897	1.000000
4316	2898	1.000000
4317	2899	1.000000
4318	2900	1.000000
4319	2901	1.000000
4320	2902	1.000000
4321	2903	1.000000
4322	2904	1.000000
4323	2905	1.000000
4324	2906	1.000000
4325	2907	1.000000
4326	2908	1.000000
4327	2909	1.000000
4328	2910	1.000000
4329	2911	1.000000
4330	2912	1.000000
4331	2913	1.000000
4332	2914	1.000000
4333	2915	1.000000
4334	2916	1.000000
4335	2917	1.000000
4336	2918	1.000000
4337	2919	1.000000
4338	2920	1.000000
4339	2921	1.000000
4340	2922	1.000000
4341	2923	1.000000
4342	2924	1.000000
4343	2925	1.000000
4345	2926	1.000000
4346	2927	1.000000
4347	2928	1.000000
4348	2929	1.000000
4349	2930	1.000000
4350	2931	1.000000
4351	2932	1.000000
4352	2933	1.000000
4354	2934	1.000000
4355	2935	1.000000
4356	2936	1.000000
4357	2937	1.000000
4358	2938	1.000000
4359	2939	1.000000
4361	2940	1.000000
4362	2941	1.000000
4363	2942	1.000000
4364	2943	1.000000
4365	2944	1.000000
4366	2945	1.000000
4367	2946	1.000000
4368	2947	1.000000
4369	2948	1.000000
4370	2949	1.000000
4371	2950	1.000000
4374	2951	1.000000
4375	2952	1.000000
4377	2953	1.000000
4382	2954	1.000000
4384	2955	1.000000
4389	2956	1.000000
4390	2957	1.000000
4397	2958	1.000000
4398	2959	1.000000
4400	2960	1.000000
4401	2961	1.000000
4403	2962	1.000000
4405	2963	1.000000
4407	2964	1.000000
4408	2965	1.000000
4409	2966	1.000000
4410	2967	1.000000
4411	2968	1.000000
4413	2969	1.000000
4414	2970	1.000000
4415	2971	1.000000
4416	2972	1.000000
4417	2973	1.000000
4418	2974	1.000000
4420	2975	1.000000
4421	2976	1.000000
4422	2977	1.000000
4423	2978	1.000000
4424	2979	1.000000
4425	2980	1.000000
4426	2981	1.000000
4427	2982	1.000000
4428	2983	1.000000
4429	2984	1.000000
4430	2985	1.000000
4431	2986	1.000000
4432	2987	1.000000
4433	2988	1.000000
4434	2989	1.000000
4435	2990	1.000000
4436	2991	1.000000
4437	2992	1.000000
4438	2993	1.000000
4439	2994	1.000000
4440	2995	1.000000
4442	2996	1.000000
4443	2997	1.000000
4444	2998	1.000000
4445	2999	1.000000
4446	3000	1.000000
4447	3001	1.000000
4448	3002	1.000000
4449	3003	1.000000
4450	3004	1.000000
4451	3005	1.000000
4452	3006	1.000000
4453	3007	1.000000
4454	3008	1.000000
4455	3009	1.000000
4456	3010	1.000000
4457	3011	1.000000
4458	3012	1.000000
4461	3013	1.000000
4464	3014	1.000000
4465	3015	1.000000
4472	3016	1.000000
4475	3017	1.000000
4476	3018	1.000000
4477	3019	1.000000
4478	3020	1.000000
4479	3021	1.000000
4480	3022	1.000000
4482	3023	1.000000
4485	3024	1.000000
4486	3025	1.000000
4487	3026	1.000000
4488	3027	1.000000
4489	3028	1.000000
4490	3029	1.000000
4493	3030	1.000000
4494	3031	1.000000
4495	3032	1.000000
4496	3033	1.000000
4497	3034	1.000000
4498	3035	1.000000
4499	3036	1.000000
4500	3037	1.000000
4501	3038	1.000000
4503	3039	1.000000
4504	3040	1.000000
4505	3041	1.000000
4506	3042	1.000000
4507	3043	1.000000
4508	3044	1.000000
4509	3045	1.000000
4510	3046	1.000000
4511	3047	1.000000
4512	3048	1.000000
4513	3049	1.000000
4514	3050	1.000000
4515	3051	1.000000
4516	3052	1.000000
4517	3053	1.000000
4518	3054	1.000000
4519	3055	1.000000
4520	3056	1.000000
4521	3057	1.000000
4522	3058	1.000000
4523	3059	1.000000
4524	3060	1.000000
4525	3061	1.000000
4526	3062	1.000000
4527	3063	1.000000
4528	3064	1.000000
4529	3065	1.000000
4530	3066	1.000000
4531	3067	1.000000
4532	3068	1.000000
4533	3069	1.000000
4534	3070	1.000000
4535	3071	1.000000
4536	3072	1.000000
4537	3073	1.000000
4538	3074	1.000000
4539	3075	1.000000
4540	3076	1.000000
4541	3077	1.000000
4542	3078	1.000000
4543	3079	1.000000
4544	3080	1.000000
4546	3081	1.000000
4547	3082	1.000000
4548	3083	1.000000
4549	3084	1.000000
4550	3085	1.000000
4551	3086	1.000000
4553	3087	1.000000
4554	3088	1.000000
4555	3089	1.000000
4556	3090	1.000000
4557	3091	1.000000
4558	3092	1.000000
4559	3093	1.000000
4560	3094	1.000000
4561	3095	1.000000
4562	3096	1.000000
4563	3097	1.000000
4564	3098	1.000000
4565	3099	1.000000
4566	3100	1.000000
4567	3101	1.000000
4568	3102	1.000000
4569	3103	1.000000
4570	3104	1.000000
4571	3105	1.000000
4572	3106	1.000000
4573	3107	1.000000
4574	3108	1.000000
4575	3109	1.000000
4576	3110	1.000000
4577	3111	1.000000
4578	3112	1.000000
4579	3113	1.000000
4580	3114	1.000000
4581	3115	1.000000
4582	3116	1.000000
4583	3117	1.000000
4584	3118	1.000000
4585	3119	1.000000
4586	3120	1.000000
4587	3121	1.000000
4588	3122	1.000000
4589	3123	1.000000
